Y0 42.512 -0.010 0.000 0.21 0.00 0.00
X0 44.625 0.000 -0.001 -0.17 0.00 0.00
X1 74.383 0.000 -0.008 -0.16 0.00 0.00
Y1 76.760 -0.079 0.000 -0.30 0.00 0.00
Y2 106.452 0.134 0.000 1.35 0.00 0.00
X2 108.927 0.000 -0.028 -0.26 0.00 0.00
X3 139.677 0.000 -0.038 -0.05 0.00 0.00
Y3 141.990 -0.116 0.000 -0.21 0.00 0.00
Y4 172.680 -0.103 0.000 -0.12 0.00 0.00
X4 175.129 0.000 0.058 0.04 0.00 0.00
X5 205.742 0.000 0.068 0.19 0.00 0.00
Y5 208.268 -0.063 0.000 -0.10 0.00 0.00
Y6 238.822 0.228 0.000 -0.33 0.00 0.00
X6 241.316 0.000 -0.037 0.10 0.00 0.00
X7 271.207 0.000 -0.066 -0.25 0.00 0.00
Y7 273.570 0.088 0.000 -0.08 0.00 0.00
Y8 303.544 0.079 0.000 -0.10 0.00 0.00
X8 305.902 0.000 0.040 -0.06 0.00 0.00
X9 335.811 0.000 0.042 0.52 0.00 0.00
Y9 338.115 0.032 0.000 0.36 0.00 0.00
Y10 368.081 0.001 0.000 0.47 0.00 0.00
X10 370.553 0.000 -0.059 0.12 0.00 0.00
X11 400.419 0.000 -0.099 0.14 0.00 0.00
Y11 402.759 -0.087 0.000 -0.27 0.00 0.00
Y12 432.695 -0.096 0.000 -0.11 0.00 0.00
X12 435.136 0.000 0.051 -0.00 0.00 0.00
X13 465.142 0.000 0.074 0.25 0.00 0.00
Y13 467.379 -0.072 0.000 0.01 0.00 0.00
Y14 497.356 -0.075 0.000 -0.13 0.00 0.00
X14 499.597 0.000 0.027 0.16 0.00 0.00
X15 529.608 0.000 0.171 -0.13 0.00 0.00
Y15 532.023 0.098 0.000 -0.45 0.00 0.00
Y16 561.872 0.104 0.000 -0.17 0.00 0.00
X16 564.157 0.000 -0.062 0.10 0.00 0.00
X17 594.206 0.000 -0.134 -0.52 0.00 0.00
Y17 596.733 -0.062 0.000 -0.02 0.00 0.00
