Y0 42.513 -0.007 0.000 0.20 0.00 0.00
X0 44.621 0.000 -0.001 -0.07 0.00 0.00
X1 74.392 0.000 -0.012 -0.09 0.00 0.00
Y1 76.757 -0.075 0.000 -0.30 0.00 0.00
Y2 106.455 0.134 0.000 1.33 0.00 0.00
X2 108.931 0.000 -0.028 -0.23 0.00 0.00
X3 139.683 0.000 -0.036 -0.09 0.00 0.00
Y3 141.996 -0.113 0.000 -0.17 0.00 0.00
Y4 172.686 -0.104 0.000 -0.19 0.00 0.00
X4 175.120 0.000 0.060 0.00 0.00 0.00
X5 205.737 0.000 0.069 0.16 0.00 0.00
Y5 208.254 -0.068 0.000 -0.14 0.00 0.00
Y6 238.817 0.224 0.000 -0.34 0.00 0.00
X6 241.307 0.000 -0.037 0.08 0.00 0.00
X7 271.211 0.000 -0.068 -0.27 0.00 0.00
Y7 273.555 0.081 0.000 -0.06 0.00 0.00
Y8 303.547 0.078 0.000 -0.07 0.00 0.00
X8 305.894 0.000 0.038 -0.06 0.00 0.00
X9 335.811 0.000 0.044 0.47 0.00 0.00
Y9 338.113 0.034 0.000 0.38 0.00 0.00
Y10 368.088 -0.001 0.000 0.51 0.00 0.00
X10 370.556 0.000 -0.057 0.07 0.00 0.00
X11 400.426 0.000 -0.098 0.11 0.00 0.00
Y11 402.767 -0.086 0.000 -0.25 0.00 0.00
Y12 432.706 -0.093 0.000 -0.06 0.00 0.00
X12 435.139 0.000 0.051 0.00 0.00 0.00
X13 465.144 0.000 0.072 0.24 0.00 0.00
Y13 467.384 -0.067 0.000 0.06 0.00 0.00
Y14 497.365 -0.070 0.000 -0.11 0.00 0.00
X14 499.593 0.000 0.026 0.15 0.00 0.00
X15 529.615 0.000 0.171 -0.16 0.00 0.00
Y15 532.021 0.099 0.000 -0.49 0.00 0.00
Y16 561.875 0.105 0.000 -0.21 0.00 0.00
X16 564.150 0.000 -0.063 0.11 0.00 0.00
X17 594.207 0.000 -0.131 -0.47 0.00 0.00
Y17 596.713 -0.066 0.000 -0.07 0.00 0.00
