Y0 42.536 -0.020 0.000 0.23 0.00 0.00
X0 44.622 0.000 0.001 -0.24 0.00 0.00
X1 74.381 0.000 -0.012 -0.27 0.00 0.00
Y1 76.775 -0.082 0.000 -0.27 0.00 0.00
Y2 106.461 0.132 0.000 1.38 0.00 0.00
X2 108.926 0.000 -0.033 -0.41 0.00 0.00
X3 139.673 0.000 -0.041 -0.21 0.00 0.00
Y3 141.993 -0.106 0.000 -0.19 0.00 0.00
Y4 172.678 -0.100 0.000 -0.10 0.00 0.00
X4 175.117 0.000 0.053 -0.07 0.00 0.00
X5 205.745 0.000 0.070 0.08 0.00 0.00
Y5 208.261 -0.063 0.000 -0.12 0.00 0.00
Y6 238.804 0.231 0.000 -0.34 0.00 0.00
X6 241.317 0.000 -0.034 0.01 0.00 0.00
X7 271.212 0.000 -0.061 -0.33 0.00 0.00
Y7 273.552 0.088 0.000 -0.07 0.00 0.00
Y8 303.530 0.078 0.000 -0.08 0.00 0.00
X8 305.902 0.000 0.046 -0.11 0.00 0.00
X9 335.818 0.000 0.046 0.49 0.00 0.00
Y9 338.101 0.032 0.000 0.37 0.00 0.00
Y10 368.069 -0.001 0.000 0.46 0.00 0.00
X10 370.562 0.000 -0.059 0.13 0.00 0.00
X11 400.428 0.000 -0.098 0.18 0.00 0.00
Y11 402.754 -0.086 0.000 -0.26 0.00 0.00
Y12 432.692 -0.091 0.000 -0.11 0.00 0.00
X12 435.138 0.000 0.052 0.06 0.00 0.00
X13 465.147 0.000 0.073 0.32 0.00 0.00
Y13 467.376 -0.068 0.000 0.01 0.00 0.00
Y14 497.360 -0.074 0.000 -0.13 0.00 0.00
X14 499.596 0.000 0.027 0.31 0.00 0.00
X15 529.612 0.000 0.169 0.05 0.00 0.00
Y15 532.030 0.097 0.000 -0.47 0.00 0.00
Y16 561.887 0.101 0.000 -0.20 0.00 0.00
X16 564.148 0.000 -0.065 0.34 0.00 0.00
X17 594.192 0.000 -0.134 -0.25 0.00 0.00
Y17 596.751 -0.068 0.000 -0.03 0.00 0.00
