Y0 42.579 -0.017 0.000 0.04 0.00 0.00
X0 44.732 0.000 0.026 0.12 0.00 0.00
X1 74.431 0.000 -0.008 -0.21 0.00 0.00
Y1 76.690 0.047 0.000 -0.33 0.00 0.00
Y2 106.516 0.073 0.000 -0.12 0.00 0.00
X2 108.813 0.000 0.014 -0.32 0.00 0.00
X3 139.608 0.000 0.017 0.04 0.00 0.00
Y3 141.977 0.018 0.000 -0.18 0.00 0.00
Y4 172.791 0.036 0.000 -0.10 0.00 0.00
X4 175.167 0.000 -0.023 -0.35 0.00 0.00
X5 205.822 0.000 -0.019 -0.06 0.00 0.00
Y5 208.209 -0.066 0.000 -0.11 0.00 0.00
Y6 238.900 -0.127 0.000 -0.17 0.00 0.00
X6 241.128 0.000 0.038 -0.37 0.00 0.00
X7 271.284 0.000 0.019 -0.09 0.00 0.00
Y7 273.420 -0.024 0.000 0.09 0.00 0.00
Y8 303.387 -0.016 0.000 0.20 0.00 0.00
X8 305.851 0.000 -0.042 -0.23 0.00 0.00
X9 335.857 0.000 -0.044 0.05 0.00 0.00
Y9 338.174 0.053 0.000 0.21 0.00 0.00
Y10 368.157 0.001 0.000 0.31 0.00 0.00
X10 370.489 0.000 -0.011 -0.12 0.00 0.00
X11 400.564 0.000 -0.012 0.22 0.00 0.00
Y11 402.726 -0.022 0.000 -0.03 0.00 0.00
Y12 432.729 -0.023 0.000 0.13 0.00 0.00
X12 434.997 0.000 -0.020 -0.04 0.00 0.00
X13 465.089 0.000 -0.010 0.21 0.00 0.00
Y13 467.257 0.015 0.000 0.01 0.00 0.00
Y14 497.287 0.049 0.000 0.23 0.00 0.00
X14 499.694 0.000 0.049 0.02 0.00 0.00
X15 529.657 0.000 0.015 0.37 0.00 0.00
Y15 532.028 -0.043 0.000 -0.21 0.00 0.00
Y16 562.063 -0.012 0.000 -0.20 0.00 0.00
X16 564.237 0.000 0.010 0.26 0.00 0.00
X17 594.115 0.000 0.001 0.49 0.00 0.00
Y17 596.721 0.058 0.000 0.20 0.00 0.00
