Y0 42.547 0.044 0.000 -0.19 0.00 0.00
X0 44.618 0.000 0.022 0.07 0.00 0.00
X1 74.494 0.000 -0.006 -0.00 0.00 0.00
Y1 76.673 -0.038 0.000 0.04 0.00 0.00
Y2 106.498 -0.078 0.000 0.14 0.00 0.00
X2 108.930 0.000 0.049 0.05 0.00 0.00
X3 139.648 0.000 0.039 0.03 0.00 0.00
Y3 141.939 0.007 0.000 -0.25 0.00 0.00
Y4 172.767 -0.024 0.000 -0.10 0.00 0.00
X4 175.022 0.000 0.012 -0.16 0.00 0.00
X5 205.906 0.000 -0.011 0.02 0.00 0.00
Y5 208.140 0.061 0.000 -0.16 0.00 0.00
Y6 238.905 0.031 0.000 -0.08 0.00 0.00
X6 241.210 0.000 -0.020 -0.11 0.00 0.00
X7 271.258 0.000 0.047 -0.13 0.00 0.00
Y7 273.489 0.019 0.000 -0.22 0.00 0.00
Y8 303.496 0.019 0.000 -0.03 0.00 0.00
X8 305.853 0.000 0.002 -0.04 0.00 0.00
X9 335.795 0.000 -0.025 -0.03 0.00 0.00
Y9 338.112 -0.016 0.000 -0.00 0.00 0.00
Y10 368.109 0.021 0.000 0.11 0.00 0.00
X10 370.529 0.000 -0.122 -0.19 0.00 0.00
X11 400.490 0.000 -0.112 0.04 0.00 0.00
Y11 402.842 -0.017 0.000 0.19 0.00 0.00
Y12 432.833 -0.047 0.000 0.22 0.00 0.00
X12 435.040 0.000 -0.006 0.19 0.00 0.00
X13 464.964 0.000 -0.049 0.09 0.00 0.00
Y13 467.359 0.021 0.000 0.06 0.00 0.00
Y14 497.390 0.018 0.000 0.16 0.00 0.00
X14 499.647 0.000 0.018 0.20 0.00 0.00
X15 529.628 0.000 -0.004 0.16 0.00 0.00
Y15 532.001 -0.006 0.000 -0.07 0.00 0.00
Y16 562.058 0.017 0.000 0.12 0.00 0.00
X16 564.227 0.000 0.087 -0.01 0.00 0.00
X17 594.277 0.000 0.083 -0.10 0.00 0.00
Y17 596.454 -0.029 0.000 0.10 0.00 0.00
