Y0 42.580 0.028 0.000 0.34 0.00 0.00
X0 44.640 0.000 0.041 -0.51 0.00 0.00
X1 74.367 0.000 0.044 -0.34 0.00 0.00
Y1 76.746 -0.035 0.000 -0.46 0.00 0.00
Y2 106.539 -0.043 0.000 -0.44 0.00 0.00
X2 108.881 0.000 0.044 -0.23 0.00 0.00
X3 139.772 0.000 -0.019 -0.11 0.00 0.00
Y3 141.906 0.000 0.000 -0.02 0.00 0.00
Y4 172.681 0.010 0.000 0.02 0.00 0.00
X4 175.083 0.000 0.009 -0.02 0.00 0.00
X5 205.845 0.000 0.026 0.15 0.00 0.00
Y5 208.063 0.006 0.000 -0.15 0.00 0.00
Y6 238.889 0.045 0.000 0.10 0.00 0.00
X6 241.289 0.000 -0.056 0.17 0.00 0.00
X7 271.165 0.000 -0.041 0.17 0.00 0.00
Y7 273.524 -0.003 0.000 0.05 0.00 0.00
Y8 303.539 -0.064 0.000 -0.05 0.00 0.00
X8 305.957 0.000 -0.088 0.08 0.00 0.00
X9 335.900 0.000 -0.117 0.28 0.00 0.00
Y9 338.181 0.116 0.000 0.41 0.00 0.00
Y10 368.127 0.038 0.000 0.38 0.00 0.00
X10 370.402 0.000 0.046 -0.32 0.00 0.00
X11 400.419 0.000 0.051 0.03 0.00 0.00
Y11 402.802 -0.017 0.000 -0.32 0.00 0.00
Y12 432.747 -0.007 0.000 -0.11 0.00 0.00
X12 435.054 0.000 0.013 0.08 0.00 0.00
X13 464.935 0.000 -0.018 0.14 0.00 0.00
Y13 467.331 -0.082 0.000 -0.07 0.00 0.00
Y14 497.328 -0.047 0.000 -0.05 0.00 0.00
X14 499.708 0.000 -0.023 0.19 0.00 0.00
X15 529.615 0.000 -0.021 0.26 0.00 0.00
Y15 531.956 -0.003 0.000 0.16 0.00 0.00
Y16 562.034 0.052 0.000 0.26 0.00 0.00
X16 564.330 0.000 0.035 0.08 0.00 0.00
X17 594.174 0.000 0.074 -0.06 0.00 0.00
Y17 596.638 0.006 0.000 -0.03 0.00 0.00
