Y0 42.548 0.077 0.000 -0.06 0.00 0.00
X0 44.600 0.000 0.013 -0.14 0.00 0.00
X1 74.486 0.000 -0.001 -0.17 0.00 0.00
Y1 76.673 -0.086 0.000 -0.42 0.00 0.00
Y2 106.500 -0.089 0.000 -0.28 0.00 0.00
X2 108.754 0.000 0.008 -0.30 0.00 0.00
X3 139.659 0.000 0.024 -0.15 0.00 0.00
Y3 141.966 0.027 0.000 -0.17 0.00 0.00
Y4 172.621 0.026 0.000 -0.07 0.00 0.00
X4 175.167 0.000 -0.002 -0.41 0.00 0.00
X5 205.864 0.000 -0.030 0.07 0.00 0.00
Y5 208.137 0.031 0.000 -0.10 0.00 0.00
Y6 238.979 0.054 0.000 0.00 0.00 0.00
X6 241.316 0.000 -0.013 -0.28 0.00 0.00
X7 271.230 0.000 -0.018 -0.02 0.00 0.00
Y7 273.533 -0.024 0.000 -0.24 0.00 0.00
Y8 303.478 -0.012 0.000 0.31 0.00 0.00
X8 305.852 0.000 0.008 -0.17 0.00 0.00
X9 335.782 0.000 -0.019 0.42 0.00 0.00
Y9 338.191 0.006 0.000 -0.04 0.00 0.00
Y10 368.177 0.012 0.000 0.03 0.00 0.00
X10 370.555 0.000 -0.005 -0.09 0.00 0.00
X11 400.483 0.000 -0.007 0.20 0.00 0.00
Y11 402.772 -0.001 0.000 0.07 0.00 0.00
Y12 432.748 -0.021 0.000 0.06 0.00 0.00
X12 435.122 0.000 0.014 -0.07 0.00 0.00
X13 464.987 0.000 -0.006 0.31 0.00 0.00
Y13 467.434 0.033 0.000 0.09 0.00 0.00
Y14 497.381 -0.002 0.000 0.05 0.00 0.00
X14 499.729 0.000 0.043 0.03 0.00 0.00
X15 529.582 0.000 0.026 0.21 0.00 0.00
Y15 531.944 -0.019 0.000 0.08 0.00 0.00
Y16 562.029 -0.003 0.000 0.17 0.00 0.00
X16 564.201 0.000 -0.019 0.23 0.00 0.00
X17 594.167 0.000 -0.016 0.30 0.00 0.00
Y17 596.497 -0.006 0.000 0.44 0.00 0.00
