Y0 42.523 0.072 0.000 0.03 0.00 0.00
X0 44.584 0.000 0.009 0.03 0.00 0.00
X1 74.488 0.000 -0.010 0.05 0.00 0.00
Y1 76.660 -0.087 0.000 -0.38 0.00 0.00
Y2 106.493 -0.090 0.000 -0.28 0.00 0.00
X2 108.765 0.000 0.002 -0.13 0.00 0.00
X3 139.670 0.000 0.021 -0.03 0.00 0.00
Y3 141.973 0.028 0.000 -0.17 0.00 0.00
Y4 172.627 0.022 0.000 -0.10 0.00 0.00
X4 175.173 0.000 -0.000 -0.28 0.00 0.00
X5 205.868 0.000 -0.026 0.17 0.00 0.00
Y5 208.148 0.035 0.000 -0.12 0.00 0.00
Y6 238.995 0.057 0.000 -0.02 0.00 0.00
X6 241.315 0.000 -0.007 -0.23 0.00 0.00
X7 271.228 0.000 -0.012 0.00 0.00 0.00
Y7 273.543 -0.019 0.000 -0.22 0.00 0.00
Y8 303.490 -0.009 0.000 0.32 0.00 0.00
X8 305.855 0.000 0.014 -0.18 0.00 0.00
X9 335.774 0.000 -0.016 0.37 0.00 0.00
Y9 338.204 0.006 0.000 -0.03 0.00 0.00
Y10 368.178 0.011 0.000 0.07 0.00 0.00
X10 370.554 0.000 -0.001 -0.20 0.00 0.00
X11 400.468 0.000 -0.003 0.08 0.00 0.00
Y11 402.777 -0.000 0.000 0.10 0.00 0.00
Y12 432.746 -0.021 0.000 0.08 0.00 0.00
X12 435.118 0.000 0.019 -0.17 0.00 0.00
X13 464.983 0.000 -0.004 0.20 0.00 0.00
Y13 467.429 0.031 0.000 0.09 0.00 0.00
Y14 497.377 -0.007 0.000 0.02 0.00 0.00
X14 499.730 0.000 0.039 -0.11 0.00 0.00
X15 529.580 0.000 0.020 0.09 0.00 0.00
Y15 531.940 -0.019 0.000 0.06 0.00 0.00
Y16 562.015 -0.002 0.000 0.16 0.00 0.00
X16 564.210 0.000 -0.025 0.11 0.00 0.00
X17 594.173 0.000 -0.021 0.17 0.00 0.00
Y17 596.492 -0.006 0.000 0.43 0.00 0.00
