Y0 42.562 0.048 0.000 0.13 0.00 0.00
X0 44.563 0.000 -0.015 0.07 0.00 0.00
X1 74.497 0.000 -0.033 0.16 0.00 0.00
Y1 76.557 -0.030 0.000 -0.34 0.00 0.00
Y2 106.381 -0.010 0.000 -0.29 0.00 0.00
X2 108.846 0.000 0.003 0.09 0.00 0.00
X3 139.602 0.000 -0.022 0.41 0.00 0.00
Y3 141.947 -0.038 0.000 0.05 0.00 0.00
Y4 172.760 -0.026 0.000 0.11 0.00 0.00
X4 175.074 0.000 0.029 0.02 0.00 0.00
X5 205.884 0.000 0.016 0.19 0.00 0.00
Y5 208.163 0.038 0.000 -0.23 0.00 0.00
Y6 238.935 0.073 0.000 -0.19 0.00 0.00
X6 241.374 0.000 -0.022 0.03 0.00 0.00
X7 271.275 0.000 0.010 -0.09 0.00 0.00
Y7 273.622 -0.054 0.000 -0.26 0.00 0.00
Y8 303.573 -0.050 0.000 -0.15 0.00 0.00
X8 305.909 0.000 0.067 -0.23 0.00 0.00
X9 335.896 0.000 0.026 -0.27 0.00 0.00
Y9 338.222 0.001 0.000 0.12 0.00 0.00
Y10 368.178 -0.010 0.000 0.07 0.00 0.00
X10 370.395 0.000 -0.045 0.17 0.00 0.00
X11 400.439 0.000 -0.022 0.10 0.00 0.00
Y11 402.852 0.080 0.000 0.04 0.00 0.00
Y12 432.763 0.049 0.000 0.06 0.00 0.00
X12 435.043 0.000 0.028 0.06 0.00 0.00
X13 465.053 0.000 0.014 -0.00 0.00 0.00
Y13 467.359 -0.035 0.000 0.22 0.00 0.00
Y14 497.333 -0.063 0.000 0.01 0.00 0.00
X14 499.669 0.000 0.024 -0.31 0.00 0.00
X15 529.581 0.000 -0.004 -0.29 0.00 0.00
Y15 531.964 0.029 0.000 -0.00 0.00 0.00
Y16 561.957 0.035 0.000 0.32 0.00 0.00
X16 564.223 0.000 -0.021 0.06 0.00 0.00
X17 594.213 0.000 -0.034 -0.09 0.00 0.00
Y17 596.483 -0.034 0.000 0.36 0.00 0.00
