Y0 42.560 -0.023 0.000 0.09 0.00 0.00
X0 44.608 0.000 0.035 -0.07 0.00 0.00
X1 74.511 0.000 0.028 0.09 0.00 0.00
Y1 76.635 -0.034 0.000 0.04 0.00 0.00
Y2 106.475 -0.018 0.000 0.12 0.00 0.00
X2 108.899 0.000 -0.002 0.29 0.00 0.00
X3 139.668 0.000 -0.022 0.11 0.00 0.00
Y3 141.877 -0.009 0.000 0.01 0.00 0.00
Y4 172.724 0.024 0.000 0.04 0.00 0.00
X4 175.117 0.000 0.020 -0.13 0.00 0.00
X5 205.809 0.000 0.003 0.02 0.00 0.00
Y5 208.242 0.013 0.000 0.15 0.00 0.00
Y6 238.929 0.048 0.000 0.26 0.00 0.00
X6 241.277 0.000 0.034 -0.16 0.00 0.00
X7 271.280 0.000 0.002 -0.18 0.00 0.00
Y7 273.533 0.073 0.000 0.34 0.00 0.00
Y8 303.498 -0.033 0.000 -0.33 0.00 0.00
X8 305.851 0.000 -0.023 0.23 0.00 0.00
X9 335.800 0.000 -0.047 0.10 0.00 0.00
Y9 338.151 0.001 0.000 0.00 0.00 0.00
Y10 368.182 0.049 0.000 -0.04 0.00 0.00
X10 370.448 0.000 -0.057 -0.03 0.00 0.00
X11 400.375 0.000 -0.041 -0.33 0.00 0.00
Y11 402.762 -0.016 0.000 0.07 0.00 0.00
Y12 432.839 -0.055 0.000 -0.05 0.00 0.00
X12 435.050 0.000 -0.059 0.15 0.00 0.00
X13 465.013 0.000 -0.079 0.35 0.00 0.00
Y13 467.359 -0.019 0.000 -0.10 0.00 0.00
Y14 497.324 0.013 0.000 -0.07 0.00 0.00
X14 499.623 0.000 0.078 -0.27 0.00 0.00
X15 529.658 0.000 0.077 0.07 0.00 0.00
Y15 532.033 -0.014 0.000 -0.46 0.00 0.00
Y16 562.035 -0.011 0.000 -0.25 0.00 0.00
X16 564.281 0.000 0.066 -0.15 0.00 0.00
X17 594.268 0.000 -0.013 -0.14 0.00 0.00
Y17 596.453 0.011 0.000 0.12 0.00 0.00
