Y0 42.518 0.071 0.000 0.01 0.00 0.00
X0 44.595 0.000 0.008 -0.08 0.00 0.00
X1 74.489 0.000 -0.011 -0.13 0.00 0.00
Y1 76.658 -0.090 0.000 -0.38 0.00 0.00
Y2 106.505 -0.091 0.000 -0.25 0.00 0.00
X2 108.754 0.000 0.005 -0.28 0.00 0.00
X3 139.663 0.000 0.024 -0.13 0.00 0.00
Y3 141.973 0.023 0.000 -0.13 0.00 0.00
Y4 172.633 0.020 0.000 -0.06 0.00 0.00
X4 175.176 0.000 -0.002 -0.32 0.00 0.00
X5 205.878 0.000 -0.027 0.11 0.00 0.00
Y5 208.147 0.035 0.000 -0.08 0.00 0.00
Y6 238.998 0.059 0.000 0.01 0.00 0.00
X6 241.319 0.000 -0.007 -0.23 0.00 0.00
X7 271.234 0.000 -0.013 0.02 0.00 0.00
Y7 273.537 -0.019 0.000 -0.17 0.00 0.00
Y8 303.490 -0.005 0.000 0.36 0.00 0.00
X8 305.846 0.000 0.015 -0.14 0.00 0.00
X9 335.774 0.000 -0.014 0.45 0.00 0.00
Y9 338.193 0.008 0.000 0.00 0.00 0.00
Y10 368.179 0.016 0.000 0.09 0.00 0.00
X10 370.534 0.000 -0.001 -0.11 0.00 0.00
X11 400.471 0.000 -0.002 0.19 0.00 0.00
Y11 402.772 0.004 0.000 0.08 0.00 0.00
Y12 432.752 -0.019 0.000 0.04 0.00 0.00
X12 435.113 0.000 0.014 -0.08 0.00 0.00
X13 464.989 0.000 -0.009 0.27 0.00 0.00
Y13 467.427 0.033 0.000 0.07 0.00 0.00
Y14 497.379 -0.004 0.000 0.00 0.00 0.00
X14 499.728 0.000 0.042 -0.03 0.00 0.00
X15 529.587 0.000 0.021 0.18 0.00 0.00
Y15 531.940 -0.021 0.000 -0.03 0.00 0.00
Y16 562.024 -0.006 0.000 0.09 0.00 0.00
X16 564.207 0.000 -0.024 0.17 0.00 0.00
X17 594.179 0.000 -0.020 0.20 0.00 0.00
Y17 596.486 -0.014 0.000 0.33 0.00 0.00
