Y0 42.519 -0.016 0.000 0.18 0.00 0.00
X0 44.637 0.000 0.024 0.04 0.00 0.00
X1 74.524 0.000 0.023 0.15 0.00 0.00
Y1 76.605 -0.033 0.000 0.13 0.00 0.00
Y2 106.469 -0.018 0.000 0.18 0.00 0.00
X2 108.896 0.000 -0.003 0.34 0.00 0.00
X3 139.663 0.000 -0.018 0.17 0.00 0.00
Y3 141.876 -0.010 0.000 0.02 0.00 0.00
Y4 172.734 0.025 0.000 0.04 0.00 0.00
X4 175.109 0.000 0.021 -0.04 0.00 0.00
X5 205.790 0.000 0.007 0.06 0.00 0.00
Y5 208.237 0.009 0.000 0.11 0.00 0.00
Y6 238.947 0.047 0.000 0.22 0.00 0.00
X6 241.256 0.000 0.036 -0.12 0.00 0.00
X7 271.267 0.000 0.005 -0.16 0.00 0.00
Y7 273.555 0.071 0.000 0.31 0.00 0.00
Y8 303.531 -0.035 0.000 -0.35 0.00 0.00
X8 305.839 0.000 -0.021 0.24 0.00 0.00
X9 335.807 0.000 -0.045 0.12 0.00 0.00
Y9 338.179 -0.001 0.000 -0.01 0.00 0.00
Y10 368.205 0.046 0.000 -0.02 0.00 0.00
X10 370.446 0.000 -0.051 0.00 0.00 0.00
X11 400.383 0.000 -0.037 -0.33 0.00 0.00
Y11 402.782 -0.014 0.000 0.08 0.00 0.00
Y12 432.858 -0.056 0.000 -0.06 0.00 0.00
X12 435.060 0.000 -0.056 0.13 0.00 0.00
X13 465.031 0.000 -0.078 0.28 0.00 0.00
Y13 467.358 -0.018 0.000 -0.08 0.00 0.00
Y14 497.321 0.014 0.000 -0.05 0.00 0.00
X14 499.623 0.000 0.076 -0.32 0.00 0.00
X15 529.663 0.000 0.073 -0.02 0.00 0.00
Y15 532.018 -0.015 0.000 -0.46 0.00 0.00
Y16 562.013 -0.012 0.000 -0.27 0.00 0.00
X16 564.274 0.000 0.062 -0.28 0.00 0.00
X17 594.269 0.000 -0.018 -0.31 0.00 0.00
Y17 596.407 0.017 0.000 0.08 0.00 0.00
