Y0 42.541 0.044 0.000 -0.14 0.00 0.00
X0 44.602 0.000 0.015 0.10 0.00 0.00
X1 74.491 0.000 -0.014 0.07 0.00 0.00
Y1 76.670 -0.036 0.000 0.08 0.00 0.00
Y2 106.485 -0.075 0.000 0.15 0.00 0.00
X2 108.911 0.000 0.041 0.13 0.00 0.00
X3 139.646 0.000 0.032 0.07 0.00 0.00
Y3 141.941 0.008 0.000 -0.24 0.00 0.00
Y4 172.789 -0.022 0.000 -0.06 0.00 0.00
X4 175.025 0.000 0.009 -0.14 0.00 0.00
X5 205.920 0.000 -0.006 0.09 0.00 0.00
Y5 208.143 0.057 0.000 -0.14 0.00 0.00
Y6 238.918 0.027 0.000 -0.10 0.00 0.00
X6 241.219 0.000 -0.006 -0.08 0.00 0.00
X7 271.275 0.000 0.056 -0.07 0.00 0.00
Y7 273.495 0.018 0.000 -0.22 0.00 0.00
Y8 303.505 0.019 0.000 -0.09 0.00 0.00
X8 305.864 0.000 0.011 -0.01 0.00 0.00
X9 335.811 0.000 -0.019 -0.04 0.00 0.00
Y9 338.109 -0.016 0.000 -0.02 0.00 0.00
Y10 368.101 0.019 0.000 0.07 0.00 0.00
X10 370.529 0.000 -0.112 -0.24 0.00 0.00
X11 400.493 0.000 -0.107 0.06 0.00 0.00
Y11 402.821 -0.019 0.000 0.18 0.00 0.00
Y12 432.824 -0.045 0.000 0.21 0.00 0.00
X12 435.030 0.000 -0.008 0.19 0.00 0.00
X13 464.964 0.000 -0.055 0.07 0.00 0.00
Y13 467.345 0.022 0.000 0.04 0.00 0.00
Y14 497.392 0.020 0.000 0.14 0.00 0.00
X14 499.638 0.000 0.013 0.13 0.00 0.00
X15 529.628 0.000 -0.010 0.06 0.00 0.00
Y15 531.996 -0.006 0.000 -0.06 0.00 0.00
Y16 562.069 0.017 0.000 0.10 0.00 0.00
X16 564.215 0.000 0.082 -0.16 0.00 0.00
X17 594.276 0.000 0.078 -0.27 0.00 0.00
Y17 596.467 -0.029 0.000 0.10 0.00 0.00
