Y0 42.538 0.043 0.000 -0.10 0.00 0.00
X0 44.607 0.000 0.011 0.02 0.00 0.00
X1 74.491 0.000 -0.012 -0.04 0.00 0.00
Y1 76.668 -0.037 0.000 0.12 0.00 0.00
Y2 106.490 -0.078 0.000 0.14 0.00 0.00
X2 108.913 0.000 0.048 0.00 0.00 0.00
X3 139.643 0.000 0.038 -0.02 0.00 0.00
Y3 141.931 0.006 0.000 -0.28 0.00 0.00
Y4 172.771 -0.024 0.000 -0.10 0.00 0.00
X4 175.022 0.000 0.012 -0.19 0.00 0.00
X5 205.916 0.000 -0.008 0.02 0.00 0.00
Y5 208.137 0.061 0.000 -0.21 0.00 0.00
Y6 238.917 0.028 0.000 -0.14 0.00 0.00
X6 241.220 0.000 -0.009 -0.08 0.00 0.00
X7 271.275 0.000 0.051 -0.10 0.00 0.00
Y7 273.498 0.020 0.000 -0.22 0.00 0.00
Y8 303.508 0.021 0.000 -0.04 0.00 0.00
X8 305.863 0.000 0.007 -0.01 0.00 0.00
X9 335.809 0.000 -0.023 -0.06 0.00 0.00
Y9 338.122 -0.014 0.000 -0.03 0.00 0.00
Y10 368.120 0.024 0.000 0.09 0.00 0.00
X10 370.531 0.000 -0.121 -0.21 0.00 0.00
X11 400.491 0.000 -0.111 0.07 0.00 0.00
Y11 402.840 -0.017 0.000 0.18 0.00 0.00
Y12 432.839 -0.047 0.000 0.24 0.00 0.00
X12 435.032 0.000 -0.006 0.24 0.00 0.00
X13 464.965 0.000 -0.049 0.13 0.00 0.00
Y13 467.348 0.019 0.000 0.08 0.00 0.00
Y14 497.391 0.017 0.000 0.16 0.00 0.00
X14 499.641 0.000 0.018 0.22 0.00 0.00
X15 529.627 0.000 -0.006 0.19 0.00 0.00
Y15 531.991 -0.008 0.000 -0.05 0.00 0.00
Y16 562.054 0.014 0.000 0.11 0.00 0.00
X16 564.223 0.000 0.084 -0.04 0.00 0.00
X17 594.268 0.000 0.077 -0.16 0.00 0.00
Y17 596.448 -0.029 0.000 0.08 0.00 0.00
