Y0 42.512 -0.025 0.000 0.04 0.00 0.00
X0 44.631 0.000 0.037 0.07 0.00 0.00
X1 74.527 0.000 0.028 0.20 0.00 0.00
Y1 76.614 -0.038 0.000 -0.00 0.00 0.00
Y2 106.473 -0.020 0.000 0.07 0.00 0.00
X2 108.899 0.000 -0.000 0.37 0.00 0.00
X3 139.657 0.000 -0.020 0.20 0.00 0.00
Y3 141.878 -0.010 0.000 -0.03 0.00 0.00
Y4 172.745 0.023 0.000 0.04 0.00 0.00
X4 175.099 0.000 0.016 -0.04 0.00 0.00
X5 205.794 0.000 0.005 0.05 0.00 0.00
Y5 208.252 0.017 0.000 0.12 0.00 0.00
Y6 238.954 0.051 0.000 0.23 0.00 0.00
X6 241.263 0.000 0.031 -0.14 0.00 0.00
X7 271.280 0.000 0.002 -0.18 0.00 0.00
Y7 273.551 0.075 0.000 0.33 0.00 0.00
Y8 303.523 -0.031 0.000 -0.34 0.00 0.00
X8 305.840 0.000 -0.022 0.22 0.00 0.00
X9 335.800 0.000 -0.047 0.07 0.00 0.00
Y9 338.160 0.005 0.000 -0.01 0.00 0.00
Y10 368.193 0.050 0.000 -0.04 0.00 0.00
X10 370.446 0.000 -0.056 -0.04 0.00 0.00
X11 400.384 0.000 -0.044 -0.34 0.00 0.00
Y11 402.767 -0.013 0.000 0.08 0.00 0.00
Y12 432.839 -0.054 0.000 -0.03 0.00 0.00
X12 435.059 0.000 -0.061 0.14 0.00 0.00
X13 465.030 0.000 -0.079 0.29 0.00 0.00
Y13 467.351 -0.022 0.000 -0.03 0.00 0.00
Y14 497.315 0.009 0.000 -0.02 0.00 0.00
X14 499.624 0.000 0.075 -0.31 0.00 0.00
X15 529.661 0.000 0.077 0.01 0.00 0.00
Y15 532.025 -0.015 0.000 -0.40 0.00 0.00
Y16 562.025 -0.015 0.000 -0.19 0.00 0.00
X16 564.276 0.000 0.068 -0.27 0.00 0.00
X17 594.268 0.000 -0.010 -0.32 0.00 0.00
Y17 596.434 0.012 0.000 0.21 0.00 0.00
