Y0 42.567 0.029 0.000 0.49 0.00 0.00
X0 44.651 0.000 0.044 -0.26 0.00 0.00
X1 74.372 0.000 0.048 -0.12 0.00 0.00
Y1 76.731 -0.034 0.000 -0.39 0.00 0.00
Y2 106.530 -0.041 0.000 -0.40 0.00 0.00
X2 108.883 0.000 0.045 -0.05 0.00 0.00
X3 139.777 0.000 -0.022 0.01 0.00 0.00
Y3 141.908 0.005 0.000 -0.01 0.00 0.00
Y4 172.688 0.009 0.000 0.05 0.00 0.00
X4 175.098 0.000 0.009 0.04 0.00 0.00
X5 205.842 0.000 0.024 0.17 0.00 0.00
Y5 208.063 0.006 0.000 -0.13 0.00 0.00
Y6 238.898 0.044 0.000 0.10 0.00 0.00
X6 241.294 0.000 -0.054 0.17 0.00 0.00
X7 271.156 0.000 -0.046 0.11 0.00 0.00
Y7 273.543 -0.005 0.000 0.03 0.00 0.00
Y8 303.537 -0.065 0.000 -0.08 0.00 0.00
X8 305.940 0.000 -0.094 0.03 0.00 0.00
X9 335.878 0.000 -0.120 0.22 0.00 0.00
Y9 338.190 0.115 0.000 0.37 0.00 0.00
Y10 368.136 0.037 0.000 0.35 0.00 0.00
X10 370.393 0.000 0.039 -0.39 0.00 0.00
X11 400.398 0.000 0.048 -0.07 0.00 0.00
Y11 402.819 -0.020 0.000 -0.35 0.00 0.00
Y12 432.743 -0.012 0.000 -0.13 0.00 0.00
X12 435.046 0.000 0.016 0.00 0.00 0.00
X13 464.928 0.000 -0.018 0.03 0.00 0.00
Y13 467.341 -0.083 0.000 -0.08 0.00 0.00
Y14 497.320 -0.050 0.000 -0.06 0.00 0.00
X14 499.718 0.000 -0.021 0.08 0.00 0.00
X15 529.625 0.000 -0.019 0.15 0.00 0.00
Y15 531.953 -0.001 0.000 0.12 0.00 0.00
Y16 562.017 0.056 0.000 0.20 0.00 0.00
X16 564.348 0.000 0.038 -0.02 0.00 0.00
X17 594.188 0.000 0.076 -0.13 0.00 0.00
Y17 596.627 0.011 0.000 -0.11 0.00 0.00
