Y0 42.558 0.027 0.000 0.41 0.00 0.00
X0 44.659 0.000 0.039 -0.16 0.00 0.00
X1 74.381 0.000 0.045 -0.03 0.00 0.00
Y1 76.740 -0.032 0.000 -0.43 0.00 0.00
Y2 106.540 -0.043 0.000 -0.40 0.00 0.00
X2 108.884 0.000 0.047 0.03 0.00 0.00
X3 139.772 0.000 -0.017 0.04 0.00 0.00
Y3 141.915 0.002 0.000 -0.01 0.00 0.00
Y4 172.688 0.008 0.000 0.03 0.00 0.00
X4 175.071 0.000 0.009 0.09 0.00 0.00
X5 205.823 0.000 0.026 0.20 0.00 0.00
Y5 208.050 0.003 0.000 -0.12 0.00 0.00
Y6 238.889 0.044 0.000 0.12 0.00 0.00
X6 241.276 0.000 -0.057 0.23 0.00 0.00
X7 271.161 0.000 -0.046 0.16 0.00 0.00
Y7 273.535 -0.003 0.000 0.04 0.00 0.00
Y8 303.546 -0.062 0.000 -0.09 0.00 0.00
X8 305.946 0.000 -0.091 0.02 0.00 0.00
X9 335.898 0.000 -0.117 0.20 0.00 0.00
Y9 338.195 0.116 0.000 0.33 0.00 0.00
Y10 368.141 0.043 0.000 0.38 0.00 0.00
X10 370.410 0.000 0.044 -0.42 0.00 0.00
X11 400.417 0.000 0.048 -0.13 0.00 0.00
Y11 402.814 -0.016 0.000 -0.35 0.00 0.00
Y12 432.745 -0.011 0.000 -0.13 0.00 0.00
X12 435.061 0.000 0.018 -0.08 0.00 0.00
X13 464.939 0.000 -0.014 -0.06 0.00 0.00
Y13 467.332 -0.082 0.000 -0.07 0.00 0.00
Y14 497.320 -0.050 0.000 -0.08 0.00 0.00
X14 499.713 0.000 -0.020 0.03 0.00 0.00
X15 529.619 0.000 -0.022 0.10 0.00 0.00
Y15 531.948 -0.007 0.000 0.15 0.00 0.00
Y16 562.022 0.053 0.000 0.23 0.00 0.00
X16 564.332 0.000 0.036 -0.08 0.00 0.00
X17 594.173 0.000 0.073 -0.22 0.00 0.00
Y17 596.633 0.010 0.000 -0.03 0.00 0.00
