Y0 42.591 0.072 0.000 0.39 0.00 0.00
X0 44.668 0.000 0.026 0.29 0.00 0.00
X1 74.483 0.000 -0.025 -0.12 0.00 0.00
Y1 76.636 -0.007 0.000 0.28 0.00 0.00
Y2 106.472 -0.046 0.000 0.24 0.00 0.00
X2 108.821 0.000 0.005 -0.14 0.00 0.00
X3 139.613 0.000 -0.022 -0.17 0.00 0.00
Y3 141.963 -0.010 0.000 -0.10 0.00 0.00
Y4 172.735 0.033 0.000 -0.04 0.00 0.00
X4 175.041 0.000 0.025 -0.24 0.00 0.00
X5 205.895 0.000 0.050 0.03 0.00 0.00
Y5 208.149 -0.008 0.000 0.16 0.00 0.00
Y6 238.977 0.025 0.000 -0.12 0.00 0.00
X6 241.388 0.000 -0.060 0.43 0.00 0.00
X7 271.329 0.000 -0.064 0.31 0.00 0.00
Y7 273.524 -0.039 0.000 -0.00 0.00 0.00
Y8 303.545 0.009 0.000 -0.17 0.00 0.00
X8 305.825 0.000 -0.019 0.37 0.00 0.00
X9 335.792 0.000 0.003 0.19 0.00 0.00
Y9 338.066 -0.052 0.000 -0.14 0.00 0.00
Y10 368.177 -0.086 0.000 -0.20 0.00 0.00
X10 370.377 0.000 0.064 -0.04 0.00 0.00
X11 400.471 0.000 0.022 -0.17 0.00 0.00
Y11 402.714 0.055 0.000 -0.00 0.00 0.00
Y12 432.755 0.034 0.000 -0.03 0.00 0.00
X12 435.008 0.000 0.003 0.07 0.00 0.00
X13 464.991 0.000 0.013 0.03 0.00 0.00
Y13 467.312 0.014 0.000 -0.03 0.00 0.00
Y14 497.352 -0.036 0.000 -0.06 0.00 0.00
X14 499.661 0.000 0.033 -0.28 0.00 0.00
X15 529.659 0.000 -0.008 -0.10 0.00 0.00
Y15 531.969 -0.025 0.000 -0.22 0.00 0.00
Y16 562.058 0.035 0.000 -0.19 0.00 0.00
X16 564.297 0.000 -0.009 -0.26 0.00 0.00
X17 594.217 0.000 -0.037 -0.25 0.00 0.00
Y17 596.614 0.033 0.000 0.28 0.00 0.00
