Y0 42.586 -0.020 0.000 0.16 0.00 0.00
X0 44.754 0.000 0.018 0.11 0.00 0.00
X1 74.454 0.000 -0.013 -0.29 0.00 0.00
Y1 76.692 0.045 0.000 -0.24 0.00 0.00
Y2 106.510 0.072 0.000 -0.05 0.00 0.00
X2 108.827 0.000 0.012 -0.35 0.00 0.00
X3 139.618 0.000 0.022 0.04 0.00 0.00
Y3 141.959 0.018 0.000 -0.15 0.00 0.00
Y4 172.789 0.037 0.000 -0.05 0.00 0.00
X4 175.167 0.000 -0.018 -0.32 0.00 0.00
X5 205.822 0.000 -0.016 -0.05 0.00 0.00
Y5 208.207 -0.063 0.000 -0.04 0.00 0.00
Y6 238.905 -0.126 0.000 -0.12 0.00 0.00
X6 241.116 0.000 0.043 -0.35 0.00 0.00
X7 271.270 0.000 0.020 -0.09 0.00 0.00
Y7 273.417 -0.024 0.000 0.11 0.00 0.00
Y8 303.394 -0.018 0.000 0.18 0.00 0.00
X8 305.825 0.000 -0.040 -0.22 0.00 0.00
X9 335.833 0.000 -0.047 0.03 0.00 0.00
Y9 338.180 0.055 0.000 0.20 0.00 0.00
Y10 368.162 0.002 0.000 0.28 0.00 0.00
X10 370.454 0.000 -0.011 -0.12 0.00 0.00
X11 400.542 0.000 -0.011 0.23 0.00 0.00
Y11 402.733 -0.019 0.000 -0.03 0.00 0.00
Y12 432.737 -0.022 0.000 0.09 0.00 0.00
X12 434.978 0.000 -0.021 -0.06 0.00 0.00
X13 465.090 0.000 -0.009 0.18 0.00 0.00
Y13 467.254 0.015 0.000 -0.05 0.00 0.00
Y14 497.292 0.051 0.000 0.13 0.00 0.00
X14 499.700 0.000 0.049 0.02 0.00 0.00
X15 529.673 0.000 0.011 0.40 0.00 0.00
Y15 532.022 -0.044 0.000 -0.28 0.00 0.00
Y16 562.063 -0.012 0.000 -0.28 0.00 0.00
X16 564.259 0.000 0.009 0.29 0.00 0.00
X17 594.154 0.000 0.001 0.52 0.00 0.00
Y17 596.709 0.054 0.000 0.09 0.00 0.00
