Y0 42.575 0.070 0.000 0.15 0.00 0.00
X0 44.623 0.000 0.024 0.26 0.00 0.00
X1 74.456 0.000 -0.020 -0.12 0.00 0.00
Y1 76.625 -0.011 0.000 0.10 0.00 0.00
Y2 106.467 -0.044 0.000 0.07 0.00 0.00
X2 108.821 0.000 0.006 -0.13 0.00 0.00
X3 139.619 0.000 -0.020 -0.14 0.00 0.00
Y3 141.977 -0.004 0.000 -0.20 0.00 0.00
Y4 172.738 0.035 0.000 -0.12 0.00 0.00
X4 175.061 0.000 0.025 -0.24 0.00 0.00
X5 205.905 0.000 0.046 0.00 0.00 0.00
Y5 208.161 -0.009 0.000 0.11 0.00 0.00
Y6 238.978 0.023 0.000 -0.11 0.00 0.00
X6 241.405 0.000 -0.063 0.41 0.00 0.00
X7 271.343 0.000 -0.065 0.32 0.00 0.00
Y7 273.536 -0.040 0.000 0.04 0.00 0.00
Y8 303.547 0.006 0.000 -0.17 0.00 0.00
X8 305.841 0.000 -0.020 0.39 0.00 0.00
X9 335.805 0.000 0.004 0.22 0.00 0.00
Y9 338.079 -0.053 0.000 -0.14 0.00 0.00
Y10 368.181 -0.084 0.000 -0.20 0.00 0.00
X10 370.398 0.000 0.064 -0.01 0.00 0.00
X11 400.485 0.000 0.021 -0.13 0.00 0.00
Y11 402.721 0.058 0.000 0.04 0.00 0.00
Y12 432.747 0.038 0.000 0.06 0.00 0.00
X12 435.018 0.000 0.004 0.09 0.00 0.00
X13 464.981 0.000 0.013 0.04 0.00 0.00
Y13 467.308 0.013 0.000 0.09 0.00 0.00
Y14 497.342 -0.038 0.000 0.06 0.00 0.00
X14 499.653 0.000 0.034 -0.27 0.00 0.00
X15 529.639 0.000 -0.007 -0.12 0.00 0.00
Y15 531.972 -0.025 0.000 -0.11 0.00 0.00
Y16 562.048 0.034 0.000 -0.04 0.00 0.00
X16 564.285 0.000 -0.011 -0.31 0.00 0.00
X17 594.198 0.000 -0.037 -0.29 0.00 0.00
Y17 596.616 0.032 0.000 0.44 0.00 0.00
