Y0 42.591 0.060 0.000 0.10 0.00 0.00
X0 44.569 0.000 0.003 0.04 0.00 0.00
X1 74.501 0.000 -0.026 0.11 0.00 0.00
Y1 76.589 -0.025 0.000 -0.35 0.00 0.00
Y2 106.393 -0.012 0.000 -0.31 0.00 0.00
X2 108.866 0.000 0.003 0.10 0.00 0.00
X3 139.611 0.000 -0.025 0.41 0.00 0.00
Y3 141.957 -0.046 0.000 0.04 0.00 0.00
Y4 172.745 -0.031 0.000 0.13 0.00 0.00
X4 175.082 0.000 0.026 -0.03 0.00 0.00
X5 205.880 0.000 0.014 0.20 0.00 0.00
Y5 208.147 0.035 0.000 -0.18 0.00 0.00
Y6 238.910 0.069 0.000 -0.15 0.00 0.00
X6 241.368 0.000 -0.031 0.03 0.00 0.00
X7 271.251 0.000 0.002 -0.08 0.00 0.00
Y7 273.603 -0.058 0.000 -0.20 0.00 0.00
Y8 303.541 -0.053 0.000 -0.09 0.00 0.00
X8 305.893 0.000 0.063 -0.23 0.00 0.00
X9 335.882 0.000 0.023 -0.25 0.00 0.00
Y9 338.201 0.001 0.000 0.16 0.00 0.00
Y10 368.158 -0.008 0.000 0.12 0.00 0.00
X10 370.391 0.000 -0.051 0.15 0.00 0.00
X11 400.426 0.000 -0.026 0.13 0.00 0.00
Y11 402.853 0.082 0.000 0.06 0.00 0.00
Y12 432.767 0.053 0.000 0.09 0.00 0.00
X12 435.042 0.000 0.025 0.09 0.00 0.00
X13 465.048 0.000 0.015 0.03 0.00 0.00
Y13 467.373 -0.033 0.000 0.19 0.00 0.00
Y14 497.338 -0.060 0.000 0.01 0.00 0.00
X14 499.676 0.000 0.027 -0.31 0.00 0.00
X15 529.586 0.000 0.003 -0.30 0.00 0.00
Y15 531.973 0.028 0.000 -0.03 0.00 0.00
Y16 561.966 0.033 0.000 0.24 0.00 0.00
X16 564.238 0.000 -0.017 0.07 0.00 0.00
X17 594.226 0.000 -0.028 -0.09 0.00 0.00
Y17 596.505 -0.035 0.000 0.23 0.00 0.00
