Y0 42.611 0.070 0.000 0.46 0.00 0.00
X0 44.629 0.000 0.022 0.58 0.00 0.00
X1 74.467 0.000 -0.022 0.21 0.00 0.00
Y1 76.642 -0.010 0.000 0.35 0.00 0.00
Y2 106.473 -0.047 0.000 0.26 0.00 0.00
X2 108.815 0.000 0.007 0.14 0.00 0.00
X3 139.609 0.000 -0.020 0.10 0.00 0.00
Y3 141.955 -0.006 0.000 -0.12 0.00 0.00
Y4 172.729 0.035 0.000 -0.07 0.00 0.00
X4 175.051 0.000 0.026 -0.09 0.00 0.00
X5 205.910 0.000 0.047 0.13 0.00 0.00
Y5 208.145 -0.008 0.000 0.14 0.00 0.00
Y6 238.979 0.026 0.000 -0.09 0.00 0.00
X6 241.413 0.000 -0.060 0.47 0.00 0.00
X7 271.358 0.000 -0.064 0.34 0.00 0.00
Y7 273.526 -0.040 0.000 0.05 0.00 0.00
Y8 303.540 0.008 0.000 -0.15 0.00 0.00
X8 305.838 0.000 -0.020 0.38 0.00 0.00
X9 335.799 0.000 0.002 0.17 0.00 0.00
Y9 338.065 -0.050 0.000 -0.13 0.00 0.00
Y10 368.167 -0.083 0.000 -0.19 0.00 0.00
X10 370.385 0.000 0.062 -0.06 0.00 0.00
X11 400.473 0.000 0.020 -0.21 0.00 0.00
Y11 402.705 0.055 0.000 0.07 0.00 0.00
Y12 432.743 0.035 0.000 -0.00 0.00 0.00
X12 435.015 0.000 0.006 -0.05 0.00 0.00
X13 464.985 0.000 0.016 -0.12 0.00 0.00
Y13 467.304 0.012 0.000 -0.02 0.00 0.00
Y14 497.345 -0.038 0.000 -0.10 0.00 0.00
X14 499.655 0.000 0.035 -0.48 0.00 0.00
X15 529.646 0.000 -0.009 -0.35 0.00 0.00
Y15 531.974 -0.026 0.000 -0.28 0.00 0.00
Y16 562.064 0.034 0.000 -0.28 0.00 0.00
X16 564.287 0.000 -0.011 -0.57 0.00 0.00
X17 594.201 0.000 -0.037 -0.58 0.00 0.00
Y17 596.638 0.031 0.000 0.13 0.00 0.00
