Y0 42.579 0.064 0.000 0.05 0.00 0.00
X0 44.565 0.000 -0.005 0.13 0.00 0.00
X1 74.496 0.000 -0.030 0.20 0.00 0.00
Y1 76.577 -0.024 0.000 -0.42 0.00 0.00
Y2 106.387 -0.009 0.000 -0.36 0.00 0.00
X2 108.857 0.000 0.004 0.16 0.00 0.00
X3 139.611 0.000 -0.023 0.42 0.00 0.00
Y3 141.940 -0.047 0.000 0.02 0.00 0.00
Y4 172.743 -0.029 0.000 0.12 0.00 0.00
X4 175.075 0.000 0.026 -0.02 0.00 0.00
X5 205.882 0.000 0.017 0.15 0.00 0.00
Y5 208.153 0.036 0.000 -0.20 0.00 0.00
Y6 238.923 0.068 0.000 -0.14 0.00 0.00
X6 241.372 0.000 -0.026 -0.00 0.00 0.00
X7 271.266 0.000 0.006 -0.14 0.00 0.00
Y7 273.612 -0.059 0.000 -0.17 0.00 0.00
Y8 303.563 -0.053 0.000 -0.11 0.00 0.00
X8 305.896 0.000 0.065 -0.31 0.00 0.00
X9 335.888 0.000 0.023 -0.34 0.00 0.00
Y9 338.219 -0.001 0.000 0.15 0.00 0.00
Y10 368.174 -0.012 0.000 0.11 0.00 0.00
X10 370.392 0.000 -0.050 0.10 0.00 0.00
X11 400.439 0.000 -0.022 0.05 0.00 0.00
Y11 402.862 0.078 0.000 0.06 0.00 0.00
Y12 432.766 0.048 0.000 0.08 0.00 0.00
X12 435.045 0.000 0.024 0.05 0.00 0.00
X13 465.049 0.000 0.014 -0.00 0.00 0.00
Y13 467.365 -0.035 0.000 0.19 0.00 0.00
Y14 497.337 -0.062 0.000 0.00 0.00 0.00
X14 499.671 0.000 0.025 -0.29 0.00 0.00
X15 529.586 0.000 -0.002 -0.23 0.00 0.00
Y15 531.969 0.032 0.000 -0.03 0.00 0.00
Y16 561.956 0.038 0.000 0.27 0.00 0.00
X16 564.231 0.000 -0.020 0.13 0.00 0.00
X17 594.215 0.000 -0.027 -0.02 0.00 0.00
Y17 596.486 -0.030 0.000 0.30 0.00 0.00
