Y0 42.546 -0.017 0.000 0.23 0.00 0.00
X0 44.744 0.000 0.024 0.39 0.00 0.00
X1 74.450 0.000 -0.011 0.04 0.00 0.00
Y1 76.665 0.047 0.000 -0.19 0.00 0.00
Y2 106.507 0.076 0.000 -0.00 0.00 0.00
X2 108.821 0.000 0.010 -0.10 0.00 0.00
X3 139.618 0.000 0.021 0.19 0.00 0.00
Y3 141.969 0.020 0.000 -0.13 0.00 0.00
Y4 172.795 0.036 0.000 -0.03 0.00 0.00
X4 175.167 0.000 -0.021 -0.26 0.00 0.00
X5 205.827 0.000 -0.017 -0.01 0.00 0.00
Y5 208.212 -0.066 0.000 0.01 0.00 0.00
Y6 238.916 -0.130 0.000 -0.12 0.00 0.00
X6 241.121 0.000 0.042 -0.31 0.00 0.00
X7 271.270 0.000 0.019 -0.07 0.00 0.00
Y7 273.438 -0.026 0.000 0.10 0.00 0.00
Y8 303.416 -0.016 0.000 0.19 0.00 0.00
X8 305.819 0.000 -0.042 -0.20 0.00 0.00
X9 335.841 0.000 -0.046 0.05 0.00 0.00
Y9 338.199 0.051 0.000 0.16 0.00 0.00
Y10 368.181 -0.000 0.000 0.25 0.00 0.00
X10 370.464 0.000 -0.013 -0.18 0.00 0.00
X11 400.556 0.000 -0.014 0.16 0.00 0.00
Y11 402.747 -0.022 0.000 -0.06 0.00 0.00
Y12 432.743 -0.023 0.000 0.07 0.00 0.00
X12 434.987 0.000 -0.019 -0.12 0.00 0.00
X13 465.098 0.000 -0.006 0.07 0.00 0.00
Y13 467.259 0.014 0.000 -0.04 0.00 0.00
Y14 497.281 0.050 0.000 0.14 0.00 0.00
X14 499.698 0.000 0.051 -0.12 0.00 0.00
X15 529.669 0.000 0.013 0.17 0.00 0.00
Y15 532.009 -0.043 0.000 -0.29 0.00 0.00
Y16 562.043 -0.009 0.000 -0.31 0.00 0.00
X16 564.243 0.000 0.009 0.03 0.00 0.00
X17 594.143 0.000 -0.000 0.26 0.00 0.00
Y17 596.682 0.059 0.000 0.09 0.00 0.00
