Y0 42.603 -0.003 0.000 0.12 0.00 0.00
X0 44.642 0.000 0.023 -0.41 0.00 0.00
X1 74.491 0.000 -0.019 -0.02 0.00 0.00
Y1 76.646 -0.022 0.000 -0.25 0.00 0.00
Y2 106.474 0.006 0.000 0.01 0.00 0.00
X2 108.860 0.000 0.024 -0.32 0.00 0.00
X3 139.713 0.000 0.033 0.19 0.00 0.00
Y3 141.887 0.016 0.000 -0.30 0.00 0.00
Y4 172.771 0.020 0.000 0.17 0.00 0.00
X4 175.101 0.000 -0.014 -0.42 0.00 0.00
X5 205.869 0.000 -0.014 0.08 0.00 0.00
Y5 208.115 0.021 0.000 -0.37 0.00 0.00
Y6 238.866 0.027 0.000 0.52 0.00 0.00
X6 241.226 0.000 -0.049 0.12 0.00 0.00
X7 271.232 0.000 -0.068 0.41 0.00 0.00
Y7 273.497 0.017 0.000 -0.05 0.00 0.00
Y8 303.653 0.017 0.000 0.30 0.00 0.00
X8 305.792 0.000 0.006 -0.20 0.00 0.00
X9 335.808 0.000 0.000 0.31 0.00 0.00
Y9 338.109 -0.107 0.000 -0.32 0.00 0.00
Y10 368.198 -0.070 0.000 -0.18 0.00 0.00
X10 370.459 0.000 0.037 -0.27 0.00 0.00
X11 400.472 0.000 0.011 0.26 0.00 0.00
Y11 402.731 0.071 0.000 0.02 0.00 0.00
Y12 432.833 0.039 0.000 0.21 0.00 0.00
X12 435.071 0.000 0.029 -0.03 0.00 0.00
X13 465.039 0.000 0.010 0.36 0.00 0.00
Y13 467.376 -0.076 0.000 -0.19 0.00 0.00
Y14 497.356 -0.055 0.000 0.17 0.00 0.00
X14 499.651 0.000 0.011 -0.29 0.00 0.00
X15 529.577 0.000 0.033 0.20 0.00 0.00
Y15 531.915 0.055 0.000 -0.29 0.00 0.00
Y16 562.068 0.026 0.000 -0.03 0.00 0.00
X16 564.203 0.000 -0.015 0.01 0.00 0.00
X17 594.333 0.000 -0.038 0.09 0.00 0.00
Y17 596.513 0.019 0.000 0.49 0.00 0.00
