Y0 42.604 -0.002 0.000 0.36 0.00 0.00
X0 44.640 0.000 0.026 -0.23 0.00 0.00
X1 74.498 0.000 -0.018 0.11 0.00 0.00
Y1 76.646 -0.020 0.000 -0.10 0.00 0.00
Y2 106.480 0.006 0.000 0.03 0.00 0.00
X2 108.858 0.000 0.026 -0.21 0.00 0.00
X3 139.714 0.000 0.033 0.25 0.00 0.00
Y3 141.881 0.016 0.000 -0.32 0.00 0.00
Y4 172.768 0.018 0.000 0.11 0.00 0.00
X4 175.102 0.000 -0.011 -0.43 0.00 0.00
X5 205.874 0.000 -0.015 0.05 0.00 0.00
Y5 208.113 0.018 0.000 -0.39 0.00 0.00
Y6 238.876 0.026 0.000 0.50 0.00 0.00
X6 241.224 0.000 -0.051 0.08 0.00 0.00
X7 271.230 0.000 -0.069 0.38 0.00 0.00
Y7 273.502 0.018 0.000 -0.12 0.00 0.00
Y8 303.656 0.021 0.000 0.22 0.00 0.00
X8 305.789 0.000 0.007 -0.25 0.00 0.00
X9 335.804 0.000 -0.004 0.28 0.00 0.00
Y9 338.105 -0.103 0.000 -0.38 0.00 0.00
Y10 368.201 -0.069 0.000 -0.21 0.00 0.00
X10 370.451 0.000 0.034 -0.34 0.00 0.00
X11 400.474 0.000 0.009 0.24 0.00 0.00
Y11 402.726 0.074 0.000 -0.02 0.00 0.00
Y12 432.826 0.041 0.000 0.21 0.00 0.00
X12 435.067 0.000 0.027 -0.08 0.00 0.00
X13 465.038 0.000 0.006 0.30 0.00 0.00
Y13 467.364 -0.074 0.000 -0.19 0.00 0.00
Y14 497.352 -0.057 0.000 0.18 0.00 0.00
X14 499.647 0.000 0.008 -0.34 0.00 0.00
X15 529.586 0.000 0.031 0.12 0.00 0.00
Y15 531.912 0.053 0.000 -0.31 0.00 0.00
Y16 562.076 0.024 0.000 -0.03 0.00 0.00
X16 564.203 0.000 -0.011 -0.04 0.00 0.00
X17 594.338 0.000 -0.028 0.05 0.00 0.00
Y17 596.522 0.018 0.000 0.50 0.00 0.00
