Y0 42.572 0.004 0.000 0.28 0.00 0.00
X0 44.627 0.000 0.025 -0.30 0.00 0.00
X1 74.493 0.000 -0.017 0.04 0.00 0.00
Y1 76.638 -0.017 0.000 -0.13 0.00 0.00
Y2 106.475 0.011 0.000 0.03 0.00 0.00
X2 108.861 0.000 0.026 -0.27 0.00 0.00
X3 139.711 0.000 0.034 0.21 0.00 0.00
Y3 141.884 0.017 0.000 -0.31 0.00 0.00
Y4 172.775 0.014 0.000 0.12 0.00 0.00
X4 175.096 0.000 -0.012 -0.43 0.00 0.00
X5 205.866 0.000 -0.013 0.05 0.00 0.00
Y5 208.124 0.015 0.000 -0.39 0.00 0.00
Y6 238.878 0.023 0.000 0.50 0.00 0.00
X6 241.220 0.000 -0.051 0.04 0.00 0.00
X7 271.235 0.000 -0.067 0.33 0.00 0.00
Y7 273.516 0.013 0.000 -0.09 0.00 0.00
Y8 303.667 0.016 0.000 0.21 0.00 0.00
X8 305.793 0.000 0.003 -0.27 0.00 0.00
X9 335.823 0.000 -0.005 0.25 0.00 0.00
Y9 338.115 -0.108 0.000 -0.35 0.00 0.00
Y10 368.212 -0.074 0.000 -0.21 0.00 0.00
X10 370.474 0.000 0.032 -0.31 0.00 0.00
X11 400.488 0.000 0.009 0.26 0.00 0.00
Y11 402.734 0.072 0.000 -0.01 0.00 0.00
Y12 432.834 0.039 0.000 0.19 0.00 0.00
X12 435.079 0.000 0.027 -0.03 0.00 0.00
X13 465.039 0.000 0.007 0.38 0.00 0.00
Y13 467.361 -0.074 0.000 -0.20 0.00 0.00
Y14 497.351 -0.057 0.000 0.17 0.00 0.00
X14 499.646 0.000 0.011 -0.28 0.00 0.00
X15 529.573 0.000 0.033 0.18 0.00 0.00
Y15 531.906 0.056 0.000 -0.29 0.00 0.00
Y16 562.064 0.029 0.000 -0.03 0.00 0.00
X16 564.192 0.000 -0.013 0.03 0.00 0.00
X17 594.320 0.000 -0.030 0.07 0.00 0.00
Y17 596.505 0.022 0.000 0.45 0.00 0.00
