Y0 42.570 0.060 0.000 0.30 0.00 0.00
X0 44.618 0.000 0.016 -0.43 0.00 0.00
X1 74.493 0.000 0.018 0.17 0.00 0.00
Y1 76.638 -0.007 0.000 -0.09 0.00 0.00
Y2 106.456 -0.074 0.000 -0.02 0.00 0.00
X2 108.883 0.000 -0.001 -0.09 0.00 0.00
X3 139.704 0.000 -0.011 0.25 0.00 0.00
Y3 142.005 -0.066 0.000 -0.30 0.00 0.00
Y4 172.779 -0.020 0.000 0.02 0.00 0.00
X4 175.074 0.000 0.003 -0.32 0.00 0.00
X5 205.904 0.000 0.008 0.14 0.00 0.00
Y5 208.152 -0.002 0.000 -0.34 0.00 0.00
Y6 238.981 0.021 0.000 0.01 0.00 0.00
X6 241.164 0.000 -0.028 -0.18 0.00 0.00
X7 271.323 0.000 -0.033 0.11 0.00 0.00
Y7 273.463 0.052 0.000 -0.32 0.00 0.00
Y8 303.563 0.063 0.000 -0.06 0.00 0.00
X8 305.776 0.000 0.010 0.06 0.00 0.00
X9 335.901 0.000 -0.036 0.22 0.00 0.00
Y9 337.999 0.020 0.000 0.04 0.00 0.00
Y10 368.197 -0.015 0.000 0.16 0.00 0.00
X10 370.371 0.000 -0.011 -0.27 0.00 0.00
X11 400.448 0.000 -0.012 0.18 0.00 0.00
Y11 402.761 0.065 0.000 0.12 0.00 0.00
Y12 432.747 0.023 0.000 0.34 0.00 0.00
X12 434.990 0.000 0.033 -0.25 0.00 0.00
X13 465.109 0.000 0.027 0.15 0.00 0.00
Y13 467.264 -0.061 0.000 0.02 0.00 0.00
Y14 497.400 -0.066 0.000 0.41 0.00 0.00
X14 499.598 0.000 0.048 -0.05 0.00 0.00
X15 529.692 0.000 0.030 0.19 0.00 0.00
Y15 531.993 -0.000 0.000 -0.23 0.00 0.00
Y16 562.012 0.020 0.000 0.13 0.00 0.00
X16 564.230 0.000 -0.013 0.09 0.00 0.00
X17 594.259 0.000 -0.048 -0.01 0.00 0.00
Y17 596.631 -0.008 0.000 -0.26 0.00 0.00
