Y0 42.557 0.058 0.000 0.38 0.00 0.00
X0 44.621 0.000 0.013 -0.57 0.00 0.00
X1 74.495 0.000 0.019 0.04 0.00 0.00
Y1 76.621 -0.010 0.000 -0.02 0.00 0.00
Y2 106.451 -0.072 0.000 0.06 0.00 0.00
X2 108.885 0.000 0.000 -0.23 0.00 0.00
X3 139.701 0.000 -0.010 0.18 0.00 0.00
Y3 141.994 -0.068 0.000 -0.23 0.00 0.00
Y4 172.769 -0.019 0.000 0.07 0.00 0.00
X4 175.072 0.000 0.001 -0.38 0.00 0.00
X5 205.896 0.000 0.004 0.05 0.00 0.00
Y5 208.154 0.000 0.000 -0.30 0.00 0.00
Y6 238.983 0.020 0.000 0.02 0.00 0.00
X6 241.154 0.000 -0.028 -0.22 0.00 0.00
X7 271.324 0.000 -0.029 0.05 0.00 0.00
Y7 273.471 0.055 0.000 -0.35 0.00 0.00
Y8 303.584 0.063 0.000 -0.08 0.00 0.00
X8 305.782 0.000 0.011 0.02 0.00 0.00
X9 335.912 0.000 -0.035 0.21 0.00 0.00
Y9 338.022 0.018 0.000 -0.01 0.00 0.00
Y10 368.226 -0.013 0.000 0.10 0.00 0.00
X10 370.360 0.000 -0.012 -0.25 0.00 0.00
X11 400.455 0.000 -0.006 0.20 0.00 0.00
Y11 402.772 0.063 0.000 0.09 0.00 0.00
Y12 432.767 0.023 0.000 0.29 0.00 0.00
X12 434.991 0.000 0.034 -0.21 0.00 0.00
X13 465.111 0.000 0.026 0.20 0.00 0.00
Y13 467.271 -0.062 0.000 -0.01 0.00 0.00
Y14 497.404 -0.068 0.000 0.39 0.00 0.00
X14 499.602 0.000 0.044 0.03 0.00 0.00
X15 529.695 0.000 0.029 0.32 0.00 0.00
Y15 531.978 0.002 0.000 -0.25 0.00 0.00
Y16 561.998 0.020 0.000 0.15 0.00 0.00
X16 564.222 0.000 -0.012 0.32 0.00 0.00
X17 594.257 0.000 -0.049 0.24 0.00 0.00
Y17 596.591 -0.010 0.000 -0.29 0.00 0.00
