Y0 42.561 0.067 0.000 0.37 0.00 0.00
X0 44.647 0.000 0.021 -0.54 0.00 0.00
X1 74.516 0.000 0.022 0.15 0.00 0.00
Y1 76.629 -0.006 0.000 -0.03 0.00 0.00
Y2 106.454 -0.073 0.000 0.02 0.00 0.00
X2 108.892 0.000 -0.000 -0.15 0.00 0.00
X3 139.698 0.000 -0.010 0.19 0.00 0.00
Y3 141.992 -0.068 0.000 -0.27 0.00 0.00
Y4 172.767 -0.022 0.000 0.08 0.00 0.00
X4 175.051 0.000 -0.000 -0.40 0.00 0.00
X5 205.888 0.000 0.005 0.10 0.00 0.00
Y5 208.147 -0.006 0.000 -0.29 0.00 0.00
Y6 238.984 0.019 0.000 -0.01 0.00 0.00
X6 241.146 0.000 -0.029 -0.20 0.00 0.00
X7 271.307 0.000 -0.034 0.06 0.00 0.00
Y7 273.465 0.051 0.000 -0.34 0.00 0.00
Y8 303.573 0.062 0.000 -0.06 0.00 0.00
X8 305.765 0.000 0.008 0.02 0.00 0.00
X9 335.900 0.000 -0.040 0.20 0.00 0.00
Y9 338.018 0.019 0.000 -0.01 0.00 0.00
Y10 368.228 -0.015 0.000 0.10 0.00 0.00
X10 370.361 0.000 -0.016 -0.24 0.00 0.00
X11 400.447 0.000 -0.011 0.16 0.00 0.00
Y11 402.775 0.063 0.000 0.07 0.00 0.00
Y12 432.766 0.020 0.000 0.30 0.00 0.00
X12 434.993 0.000 0.032 -0.24 0.00 0.00
X13 465.115 0.000 0.026 0.17 0.00 0.00
Y13 467.277 -0.059 0.000 0.01 0.00 0.00
Y14 497.407 -0.064 0.000 0.38 0.00 0.00
X14 499.610 0.000 0.048 0.02 0.00 0.00
X15 529.705 0.000 0.031 0.31 0.00 0.00
Y15 531.981 0.002 0.000 -0.24 0.00 0.00
Y16 561.997 0.021 0.000 0.13 0.00 0.00
X16 564.234 0.000 -0.008 0.27 0.00 0.00
X17 594.261 0.000 -0.045 0.19 0.00 0.00
Y17 596.592 -0.009 0.000 -0.29 0.00 0.00
