Y0 42.564 -0.046 0.000 0.30 0.00 0.00
X0 44.678 0.000 -0.079 -0.13 0.00 0.00
X1 74.364 0.000 -0.093 0.25 0.00 0.00
Y1 76.749 -0.053 0.000 -0.22 0.00 0.00
Y2 106.532 -0.010 0.000 0.25 0.00 0.00
X2 108.922 0.000 0.140 0.43 0.00 0.00
X3 139.627 0.000 0.138 0.47 0.00 0.00
Y3 141.936 0.132 0.000 0.34 0.00 0.00
Y4 172.695 0.128 0.000 0.41 0.00 0.00
X4 175.051 0.000 0.125 0.28 0.00 0.00
X5 205.819 0.000 0.115 0.43 0.00 0.00
Y5 208.122 -0.072 0.000 -0.06 0.00 0.00
Y6 238.902 -0.039 0.000 -0.18 0.00 0.00
X6 241.368 0.000 -0.088 -0.02 0.00 0.00
X7 271.311 0.000 -0.083 0.12 0.00 0.00
Y7 273.565 -0.062 0.000 -0.09 0.00 0.00
Y8 303.426 -0.042 0.000 -0.03 0.00 0.00
X8 305.931 0.000 -0.072 0.04 0.00 0.00
X9 335.825 0.000 -0.122 -0.14 0.00 0.00
Y9 338.146 0.083 0.000 -0.09 0.00 0.00
Y10 368.077 0.116 0.000 0.02 0.00 0.00
X10 370.460 0.000 -0.082 0.04 0.00 0.00
X11 400.365 0.000 -0.107 0.14 0.00 0.00
Y11 402.805 -0.094 0.000 -0.20 0.00 0.00
Y12 432.734 -0.093 0.000 -0.31 0.00 0.00
X12 435.034 0.000 0.041 -0.31 0.00 0.00
X13 465.001 0.000 0.033 -0.44 0.00 0.00
Y13 467.352 0.008 0.000 -0.17 0.00 0.00
Y14 497.361 -0.001 0.000 -0.23 0.00 0.00
X14 499.643 0.000 0.007 -0.16 0.00 0.00
X15 529.676 0.000 -0.004 -0.19 0.00 0.00
Y15 532.006 0.010 0.000 0.22 0.00 0.00
Y16 561.955 0.014 0.000 0.02 0.00 0.00
X16 564.213 0.000 0.078 -0.31 0.00 0.00
X17 594.248 0.000 0.052 -0.45 0.00 0.00
Y17 596.686 0.015 0.000 -0.04 0.00 0.00
