Y0 42.570 -0.046 0.000 0.35 0.00 0.00
X0 44.703 0.000 -0.078 -0.11 0.00 0.00
X1 74.386 0.000 -0.095 0.26 0.00 0.00
Y1 76.748 -0.054 0.000 -0.14 0.00 0.00
Y2 106.532 -0.015 0.000 0.33 0.00 0.00
X2 108.925 0.000 0.142 0.43 0.00 0.00
X3 139.620 0.000 0.139 0.47 0.00 0.00
Y3 141.929 0.130 0.000 0.46 0.00 0.00
Y4 172.693 0.128 0.000 0.50 0.00 0.00
X4 175.036 0.000 0.128 0.32 0.00 0.00
X5 205.806 0.000 0.115 0.48 0.00 0.00
Y5 208.111 -0.072 0.000 -0.03 0.00 0.00
Y6 238.904 -0.034 0.000 -0.14 0.00 0.00
X6 241.342 0.000 -0.090 -0.03 0.00 0.00
X7 271.304 0.000 -0.087 0.10 0.00 0.00
Y7 273.560 -0.055 0.000 -0.05 0.00 0.00
Y8 303.425 -0.036 0.000 -0.06 0.00 0.00
X8 305.928 0.000 -0.076 0.02 0.00 0.00
X9 335.829 0.000 -0.124 -0.21 0.00 0.00
Y9 338.148 0.084 0.000 -0.13 0.00 0.00
Y10 368.096 0.117 0.000 -0.06 0.00 0.00
X10 370.462 0.000 -0.084 -0.00 0.00 0.00
X11 400.360 0.000 -0.108 0.16 0.00 0.00
Y11 402.808 -0.096 0.000 -0.27 0.00 0.00
Y12 432.741 -0.094 0.000 -0.31 0.00 0.00
X12 435.024 0.000 0.044 -0.31 0.00 0.00
X13 465.003 0.000 0.037 -0.42 0.00 0.00
Y13 467.344 0.006 0.000 -0.19 0.00 0.00
Y14 497.363 -0.004 0.000 -0.27 0.00 0.00
X14 499.640 0.000 0.008 -0.14 0.00 0.00
X15 529.685 0.000 -0.004 -0.19 0.00 0.00
Y15 531.999 0.008 0.000 0.18 0.00 0.00
Y16 561.956 0.014 0.000 -0.02 0.00 0.00
X16 564.219 0.000 0.078 -0.31 0.00 0.00
X17 594.263 0.000 0.051 -0.45 0.00 0.00
Y17 596.685 0.017 0.000 -0.08 0.00 0.00
