Y0 42.575 -0.051 0.000 0.47 0.00 0.00
X0 44.729 0.000 -0.081 -0.22 0.00 0.00
X1 74.408 0.000 -0.094 0.17 0.00 0.00
Y1 76.754 -0.054 0.000 -0.07 0.00 0.00
Y2 106.538 -0.012 0.000 0.36 0.00 0.00
X2 108.945 0.000 0.141 0.36 0.00 0.00
X3 139.636 0.000 0.136 0.39 0.00 0.00
Y3 141.930 0.133 0.000 0.48 0.00 0.00
Y4 172.692 0.133 0.000 0.49 0.00 0.00
X4 175.040 0.000 0.124 0.26 0.00 0.00
X5 205.797 0.000 0.112 0.42 0.00 0.00
Y5 208.123 -0.068 0.000 -0.01 0.00 0.00
Y6 238.893 -0.034 0.000 -0.11 0.00 0.00
X6 241.324 0.000 -0.090 -0.07 0.00 0.00
X7 271.269 0.000 -0.080 0.08 0.00 0.00
Y7 273.552 -0.060 0.000 -0.06 0.00 0.00
Y8 303.417 -0.042 0.000 -0.04 0.00 0.00
X8 305.898 0.000 -0.070 -0.06 0.00 0.00
X9 335.798 0.000 -0.119 -0.24 0.00 0.00
Y9 338.141 0.084 0.000 -0.16 0.00 0.00
Y10 368.084 0.117 0.000 -0.07 0.00 0.00
X10 370.439 0.000 -0.080 -0.01 0.00 0.00
X11 400.341 0.000 -0.106 0.14 0.00 0.00
Y11 402.805 -0.098 0.000 -0.29 0.00 0.00
Y12 432.733 -0.099 0.000 -0.34 0.00 0.00
X12 435.018 0.000 0.046 -0.28 0.00 0.00
X13 465.005 0.000 0.037 -0.40 0.00 0.00
Y13 467.348 0.008 0.000 -0.23 0.00 0.00
Y14 497.369 -0.002 0.000 -0.33 0.00 0.00
X14 499.655 0.000 0.009 -0.08 0.00 0.00
X15 529.700 0.000 -0.007 -0.04 0.00 0.00
Y15 532.011 0.009 0.000 0.14 0.00 0.00
Y16 561.963 0.014 0.000 -0.08 0.00 0.00
X16 564.247 0.000 0.074 -0.13 0.00 0.00
X17 594.287 0.000 0.047 -0.22 0.00 0.00
Y17 596.683 0.019 0.000 -0.13 0.00 0.00
