Y0 42.595 -0.012 0.000 0.31 0.00 0.00
X0 44.648 0.000 -0.029 0.09 0.00 0.00
X1 74.500 0.000 -0.045 0.26 0.00 0.00
Y1 76.658 0.062 0.000 0.27 0.00 0.00
Y2 106.501 -0.043 0.000 0.28 0.00 0.00
X2 108.879 0.000 0.014 -0.11 0.00 0.00
X3 139.661 0.000 0.007 0.12 0.00 0.00
Y3 141.888 0.001 0.000 -0.16 0.00 0.00
Y4 172.676 -0.021 0.000 -0.12 0.00 0.00
X4 175.079 0.000 -0.021 0.08 0.00 0.00
X5 205.774 0.000 -0.014 0.02 0.00 0.00
Y5 208.153 -0.006 0.000 -0.25 0.00 0.00
Y6 238.982 0.034 0.000 -0.06 0.00 0.00
X6 241.304 0.000 0.044 -0.09 0.00 0.00
X7 271.188 0.000 0.019 0.11 0.00 0.00
Y7 273.543 0.040 0.000 -0.06 0.00 0.00
Y8 303.534 0.003 0.000 -0.16 0.00 0.00
X8 305.906 0.000 0.015 0.00 0.00 0.00
X9 335.827 0.000 0.036 -0.17 0.00 0.00
Y9 338.164 -0.107 0.000 -0.18 0.00 0.00
Y10 368.183 -0.094 0.000 -0.34 0.00 0.00
X10 370.526 0.000 0.027 -0.06 0.00 0.00
X11 400.337 0.000 0.010 -0.02 0.00 0.00
Y11 402.736 -0.064 0.000 -0.24 0.00 0.00
Y12 432.681 0.264 0.000 1.36 0.00 0.00
X12 435.087 0.000 -0.023 -0.22 0.00 0.00
X13 465.017 0.000 -0.005 0.21 0.00 0.00
Y13 467.407 0.012 0.000 -0.02 0.00 0.00
Y14 497.363 -0.004 0.000 -0.12 0.00 0.00
X14 499.674 0.000 0.048 -0.16 0.00 0.00
X15 529.701 0.000 0.052 -0.19 0.00 0.00
Y15 531.973 -0.004 0.000 -0.08 0.00 0.00
Y16 561.882 -0.039 0.000 -0.24 0.00 0.00
X16 564.281 0.000 -0.099 -0.20 0.00 0.00
X17 594.147 0.000 -0.035 0.25 0.00 0.00
Y17 596.693 -0.022 0.000 -0.26 0.00 0.00
