Y0 42.612 -0.025 0.000 0.09 0.00 0.00
X0 44.654 0.000 -0.032 -0.07 0.00 0.00
X1 74.508 0.000 -0.049 0.13 0.00 0.00
Y1 76.666 0.058 0.000 0.11 0.00 0.00
Y2 106.502 -0.043 0.000 0.15 0.00 0.00
X2 108.893 0.000 0.013 -0.17 0.00 0.00
X3 139.656 0.000 0.010 0.11 0.00 0.00
Y3 141.884 0.004 0.000 -0.23 0.00 0.00
Y4 172.671 -0.014 0.000 -0.12 0.00 0.00
X4 175.069 0.000 -0.022 0.07 0.00 0.00
X5 205.769 0.000 -0.013 0.00 0.00 0.00
Y5 208.145 0.001 0.000 -0.24 0.00 0.00
Y6 238.965 0.035 0.000 -0.06 0.00 0.00
X6 241.302 0.000 0.050 -0.09 0.00 0.00
X7 271.185 0.000 0.024 0.14 0.00 0.00
Y7 273.534 0.040 0.000 -0.03 0.00 0.00
Y8 303.532 0.004 0.000 -0.13 0.00 0.00
X8 305.904 0.000 0.018 0.01 0.00 0.00
X9 335.815 0.000 0.038 -0.14 0.00 0.00
Y9 338.157 -0.107 0.000 -0.15 0.00 0.00
Y10 368.189 -0.094 0.000 -0.30 0.00 0.00
X10 370.512 0.000 0.025 0.01 0.00 0.00
X11 400.340 0.000 0.004 0.05 0.00 0.00
Y11 402.740 -0.063 0.000 -0.17 0.00 0.00
Y12 432.684 0.266 0.000 1.38 0.00 0.00
X12 435.088 0.000 -0.027 -0.11 0.00 0.00
X13 465.018 0.000 -0.008 0.27 0.00 0.00
Y13 467.411 0.013 0.000 0.04 0.00 0.00
Y14 497.367 -0.006 0.000 -0.08 0.00 0.00
X14 499.677 0.000 0.045 -0.14 0.00 0.00
X15 529.708 0.000 0.052 -0.18 0.00 0.00
Y15 531.972 -0.005 0.000 -0.02 0.00 0.00
Y16 561.884 -0.041 0.000 -0.15 0.00 0.00
X16 564.284 0.000 -0.097 -0.19 0.00 0.00
X17 594.153 0.000 -0.031 0.26 0.00 0.00
Y17 596.695 -0.022 0.000 -0.12 0.00 0.00
