Y0 42.611 -0.023 0.000 0.03 0.00 0.00
X0 44.625 0.000 -0.030 -0.15 0.00 0.00
X1 74.490 0.000 -0.048 0.08 0.00 0.00
Y1 76.667 0.059 0.000 0.05 0.00 0.00
Y2 106.501 -0.041 0.000 0.10 0.00 0.00
X2 108.890 0.000 0.013 -0.19 0.00 0.00
X3 139.661 0.000 0.010 0.11 0.00 0.00
Y3 141.890 0.005 0.000 -0.28 0.00 0.00
Y4 172.658 -0.019 0.000 -0.20 0.00 0.00
X4 175.087 0.000 -0.017 0.10 0.00 0.00
X5 205.783 0.000 -0.010 0.09 0.00 0.00
Y5 208.142 -0.007 0.000 -0.32 0.00 0.00
Y6 238.967 0.036 0.000 -0.14 0.00 0.00
X6 241.317 0.000 0.049 -0.10 0.00 0.00
X7 271.190 0.000 0.017 0.15 0.00 0.00
Y7 273.533 0.041 0.000 -0.12 0.00 0.00
Y8 303.535 0.005 0.000 -0.15 0.00 0.00
X8 305.910 0.000 0.013 0.06 0.00 0.00
X9 335.818 0.000 0.035 -0.11 0.00 0.00
Y9 338.176 -0.104 0.000 -0.17 0.00 0.00
Y10 368.191 -0.093 0.000 -0.27 0.00 0.00
X10 370.526 0.000 0.023 0.00 0.00 0.00
X11 400.336 0.000 0.004 0.04 0.00 0.00
Y11 402.741 -0.060 0.000 -0.13 0.00 0.00
Y12 432.676 0.266 0.000 1.44 0.00 0.00
X12 435.093 0.000 -0.026 -0.14 0.00 0.00
X13 465.012 0.000 -0.008 0.27 0.00 0.00
Y13 467.411 0.013 0.000 0.10 0.00 0.00
Y14 497.363 -0.005 0.000 0.03 0.00 0.00
X14 499.682 0.000 0.046 -0.12 0.00 0.00
X15 529.704 0.000 0.055 -0.17 0.00 0.00
Y15 531.971 -0.006 0.000 0.10 0.00 0.00
Y16 561.879 -0.041 0.000 -0.05 0.00 0.00
X16 564.277 0.000 -0.095 -0.21 0.00 0.00
X17 594.135 0.000 -0.032 0.24 0.00 0.00
Y17 596.699 -0.025 0.000 -0.06 0.00 0.00
