Y0 42.587 0.090 0.000 0.40 0.00 0.00
X0 44.660 0.000 -0.093 0.21 0.00 0.00
X1 74.439 0.000 -0.072 0.20 0.00 0.00
Y1 76.695 -0.057 0.000 0.07 0.00 0.00
Y2 106.507 -0.067 0.000 -0.15 0.00 0.00
X2 108.929 0.000 0.065 -0.40 0.00 0.00
X3 139.755 0.000 0.051 -0.26 0.00 0.00
Y3 141.927 0.004 0.000 -0.24 0.00 0.00
Y4 172.695 0.016 0.000 -0.01 0.00 0.00
X4 175.128 0.000 0.033 -0.21 0.00 0.00
X5 205.900 0.000 0.025 0.02 0.00 0.00
Y5 208.204 -0.005 0.000 0.12 0.00 0.00
Y6 238.877 0.014 0.000 -0.08 0.00 0.00
X6 241.195 0.000 0.014 -0.15 0.00 0.00
X7 271.262 0.000 0.005 -0.04 0.00 0.00
Y7 273.487 0.005 0.000 -0.02 0.00 0.00
Y8 303.542 -0.022 0.000 -0.08 0.00 0.00
X8 305.705 0.000 -0.036 0.06 0.00 0.00
X9 335.784 0.000 -0.019 0.04 0.00 0.00
Y9 338.155 0.059 0.000 0.22 0.00 0.00
Y10 368.121 0.070 0.000 0.07 0.00 0.00
X10 370.384 0.000 0.068 -0.06 0.00 0.00
X11 400.428 0.000 0.034 -0.15 0.00 0.00
Y11 402.700 0.048 0.000 0.19 0.00 0.00
Y12 432.730 0.041 0.000 -0.11 0.00 0.00
X12 435.044 0.000 0.021 0.16 0.00 0.00
X13 464.997 0.000 -0.021 0.26 0.00 0.00
Y13 467.325 -0.359 0.000 -0.15 0.00 0.00
Y14 497.441 0.000 0.000 -0.13 0.00 0.00
X14 499.635 0.000 -0.022 -0.10 0.00 0.00
X15 529.707 0.000 -0.024 0.32 0.00 0.00
Y15 532.001 0.048 0.000 0.02 0.00 0.00
Y16 562.057 0.058 0.000 -0.16 0.00 0.00
X16 564.240 0.000 -0.007 0.14 0.00 0.00
X17 594.345 0.000 -0.023 0.04 0.00 0.00
Y17 596.560 0.057 0.000 0.12 0.00 0.00
