Y0 42.595 0.089 0.000 0.34 0.00 0.00
X0 44.662 0.000 -0.089 0.14 0.00 0.00
X1 74.434 0.000 -0.070 0.13 0.00 0.00
Y1 76.703 -0.056 0.000 0.03 0.00 0.00
Y2 106.511 -0.068 0.000 -0.19 0.00 0.00
X2 108.935 0.000 0.063 -0.42 0.00 0.00
X3 139.754 0.000 0.052 -0.31 0.00 0.00
Y3 141.937 0.003 0.000 -0.28 0.00 0.00
Y4 172.693 0.015 0.000 -0.04 0.00 0.00
X4 175.131 0.000 0.031 -0.20 0.00 0.00
X5 205.896 0.000 0.025 0.02 0.00 0.00
Y5 208.201 -0.005 0.000 0.11 0.00 0.00
Y6 238.869 0.013 0.000 -0.08 0.00 0.00
X6 241.195 0.000 0.015 -0.18 0.00 0.00
X7 271.260 0.000 0.000 -0.04 0.00 0.00
Y7 273.483 0.004 0.000 -0.00 0.00 0.00
Y8 303.526 -0.021 0.000 -0.08 0.00 0.00
X8 305.702 0.000 -0.036 0.08 0.00 0.00
X9 335.786 0.000 -0.017 0.06 0.00 0.00
Y9 338.141 0.060 0.000 0.20 0.00 0.00
Y10 368.116 0.070 0.000 0.05 0.00 0.00
X10 370.388 0.000 0.069 -0.03 0.00 0.00
X11 400.423 0.000 0.033 -0.07 0.00 0.00
Y11 402.699 0.049 0.000 0.17 0.00 0.00
Y12 432.727 0.039 0.000 -0.08 0.00 0.00
X12 435.046 0.000 0.017 0.19 0.00 0.00
X13 464.994 0.000 -0.022 0.27 0.00 0.00
Y13 467.327 -0.358 0.000 -0.11 0.00 0.00
Y14 497.441 -0.001 0.000 -0.11 0.00 0.00
X14 499.639 0.000 -0.021 -0.08 0.00 0.00
X15 529.701 0.000 -0.023 0.34 0.00 0.00
Y15 532.011 0.050 0.000 0.03 0.00 0.00
Y16 562.064 0.057 0.000 -0.13 0.00 0.00
X16 564.245 0.000 -0.007 0.14 0.00 0.00
X17 594.345 0.000 -0.020 0.02 0.00 0.00
Y17 596.567 0.055 0.000 0.20 0.00 0.00
