Y0 42.596 0.090 0.000 0.21 0.00 0.00
X0 44.633 0.000 -0.085 0.09 0.00 0.00
X1 74.426 0.000 -0.068 0.13 0.00 0.00
Y1 76.701 -0.057 0.000 -0.10 0.00 0.00
Y2 106.515 -0.068 0.000 -0.27 0.00 0.00
X2 108.924 0.000 0.064 -0.46 0.00 0.00
X3 139.753 0.000 0.050 -0.27 0.00 0.00
Y3 141.934 0.003 0.000 -0.35 0.00 0.00
Y4 172.695 0.013 0.000 -0.10 0.00 0.00
X4 175.123 0.000 0.029 -0.19 0.00 0.00
X5 205.904 0.000 0.017 0.02 0.00 0.00
Y5 208.201 -0.006 0.000 0.08 0.00 0.00
Y6 238.873 0.014 0.000 -0.10 0.00 0.00
X6 241.202 0.000 0.014 -0.14 0.00 0.00
X7 271.284 0.000 -0.000 -0.04 0.00 0.00
Y7 273.473 0.003 0.000 0.00 0.00 0.00
Y8 303.524 -0.019 0.000 -0.06 0.00 0.00
X8 305.724 0.000 -0.037 0.09 0.00 0.00
X9 335.803 0.000 -0.017 0.05 0.00 0.00
Y9 338.141 0.062 0.000 0.23 0.00 0.00
Y10 368.118 0.071 0.000 0.07 0.00 0.00
X10 370.400 0.000 0.067 -0.05 0.00 0.00
X11 400.442 0.000 0.035 -0.09 0.00 0.00
Y11 402.694 0.048 0.000 0.20 0.00 0.00
Y12 432.734 0.041 0.000 -0.06 0.00 0.00
X12 435.050 0.000 0.024 0.19 0.00 0.00
X13 464.996 0.000 -0.019 0.29 0.00 0.00
Y13 467.326 -0.358 0.000 -0.06 0.00 0.00
Y14 497.453 -0.001 0.000 -0.04 0.00 0.00
X14 499.626 0.000 -0.018 -0.08 0.00 0.00
X15 529.694 0.000 -0.022 0.32 0.00 0.00
Y15 532.005 0.045 0.000 0.10 0.00 0.00
Y16 562.065 0.057 0.000 -0.07 0.00 0.00
X16 564.223 0.000 -0.007 0.16 0.00 0.00
X17 594.329 0.000 -0.026 0.04 0.00 0.00
Y17 596.563 0.056 0.000 0.25 0.00 0.00
