Y0 42.468 0.073 0.000 -0.03 0.00 0.00
X0 44.621 0.000 0.041 -0.00 0.00 0.00
X1 74.495 0.000 0.036 -0.12 0.00 0.00
Y1 76.674 -0.003 0.000 0.05 0.00 0.00
Y2 106.444 -0.009 0.000 -0.15 0.00 0.00
X2 108.892 0.000 -0.000 -0.14 0.00 0.00
X3 139.604 0.000 -0.030 -0.15 0.00 0.00
Y3 141.971 -0.003 0.000 -0.44 0.00 0.00
Y4 172.770 -0.003 0.000 -0.27 0.00 0.00
X4 175.149 0.000 -0.055 -0.12 0.00 0.00
X5 205.859 0.000 -0.053 -0.12 0.00 0.00
Y5 208.125 -0.003 0.000 0.11 0.00 0.00
Y6 238.888 0.017 0.000 -0.00 0.00 0.00
X6 241.191 0.000 0.016 0.06 0.00 0.00
X7 271.204 0.000 -0.032 0.08 0.00 0.00
Y7 273.560 -0.074 0.000 0.20 0.00 0.00
Y8 303.592 -0.032 0.000 -0.12 0.00 0.00
X8 305.786 0.000 0.052 -0.06 0.00 0.00
X9 335.907 0.000 0.029 0.29 0.00 0.00
Y9 338.204 0.009 0.000 0.08 0.00 0.00
Y10 368.230 -0.014 0.000 -0.05 0.00 0.00
X10 370.471 0.000 0.003 0.12 0.00 0.00
X11 400.534 0.000 -0.003 -0.07 0.00 0.00
Y11 402.734 -0.007 0.000 -0.22 0.00 0.00
Y12 432.780 -0.009 0.000 -0.08 0.00 0.00
X12 435.001 0.000 -0.006 0.12 0.00 0.00
X13 465.128 0.000 -0.025 0.01 0.00 0.00
Y13 467.312 -0.024 0.000 0.41 0.00 0.00
Y14 497.470 0.004 0.000 0.26 0.00 0.00
X14 499.676 0.000 0.023 -0.06 0.00 0.00
X15 529.701 0.000 -0.003 0.10 0.00 0.00
Y15 531.916 0.023 0.000 0.06 0.00 0.00
Y16 561.970 0.034 0.000 0.04 0.00 0.00
X16 564.130 0.000 0.028 0.12 0.00 0.00
X17 594.186 0.000 -0.021 0.01 0.00 0.00
Y17 596.503 0.020 0.000 0.16 0.00 0.00
