Y0 42.482 0.066 0.000 -0.02 0.00 0.00
X0 44.635 0.000 0.043 -0.11 0.00 0.00
X1 74.509 0.000 0.042 -0.19 0.00 0.00
Y1 76.687 -0.011 0.000 0.09 0.00 0.00
Y2 106.453 -0.014 0.000 -0.13 0.00 0.00
X2 108.897 0.000 0.000 -0.18 0.00 0.00
X3 139.602 0.000 -0.030 -0.20 0.00 0.00
Y3 141.983 -0.007 0.000 -0.39 0.00 0.00
Y4 172.788 -0.003 0.000 -0.19 0.00 0.00
X4 175.141 0.000 -0.054 -0.21 0.00 0.00
X5 205.857 0.000 -0.054 -0.21 0.00 0.00
Y5 208.126 -0.002 0.000 0.13 0.00 0.00
Y6 238.874 0.024 0.000 0.04 0.00 0.00
X6 241.181 0.000 0.013 -0.01 0.00 0.00
X7 271.193 0.000 -0.040 -0.01 0.00 0.00
Y7 273.540 -0.069 0.000 0.19 0.00 0.00
Y8 303.574 -0.022 0.000 -0.11 0.00 0.00
X8 305.778 0.000 0.050 -0.11 0.00 0.00
X9 335.901 0.000 0.027 0.23 0.00 0.00
Y9 338.173 0.018 0.000 0.08 0.00 0.00
Y10 368.205 -0.006 0.000 -0.03 0.00 0.00
X10 370.469 0.000 0.003 0.05 0.00 0.00
X11 400.534 0.000 -0.005 -0.08 0.00 0.00
Y11 402.718 -0.002 0.000 -0.22 0.00 0.00
Y12 432.773 -0.006 0.000 -0.09 0.00 0.00
X12 434.997 0.000 -0.010 0.15 0.00 0.00
X13 465.124 0.000 -0.022 0.07 0.00 0.00
Y13 467.309 -0.024 0.000 0.36 0.00 0.00
Y14 497.470 0.003 0.000 0.18 0.00 0.00
X14 499.678 0.000 0.022 0.04 0.00 0.00
X15 529.707 0.000 0.000 0.23 0.00 0.00
Y15 531.929 0.018 0.000 0.01 0.00 0.00
Y16 561.991 0.026 0.000 -0.04 0.00 0.00
X16 564.134 0.000 0.030 0.29 0.00 0.00
X17 594.199 0.000 -0.016 0.19 0.00 0.00
Y17 596.536 0.010 0.000 0.08 0.00 0.00
