Y0 42.485 0.077 0.000 0.00 0.00 0.00
X0 44.651 0.000 0.047 -0.14 0.00 0.00
X1 74.513 0.000 0.043 -0.21 0.00 0.00
Y1 76.684 -0.002 0.000 0.09 0.00 0.00
Y2 106.454 -0.009 0.000 -0.12 0.00 0.00
X2 108.896 0.000 -0.000 -0.18 0.00 0.00
X3 139.604 0.000 -0.031 -0.20 0.00 0.00
Y3 141.980 -0.002 0.000 -0.41 0.00 0.00
Y4 172.781 -0.004 0.000 -0.23 0.00 0.00
X4 175.150 0.000 -0.059 -0.19 0.00 0.00
X5 205.848 0.000 -0.053 -0.16 0.00 0.00
Y5 208.123 -0.006 0.000 0.15 0.00 0.00
Y6 238.873 0.015 0.000 -0.01 0.00 0.00
X6 241.173 0.000 0.016 0.02 0.00 0.00
X7 271.190 0.000 -0.039 0.04 0.00 0.00
Y7 273.547 -0.078 0.000 0.22 0.00 0.00
Y8 303.564 -0.033 0.000 -0.11 0.00 0.00
X8 305.777 0.000 0.049 -0.06 0.00 0.00
X9 335.892 0.000 0.027 0.27 0.00 0.00
Y9 338.187 0.009 0.000 0.10 0.00 0.00
Y10 368.209 -0.016 0.000 -0.05 0.00 0.00
X10 370.457 0.000 0.002 0.08 0.00 0.00
X11 400.513 0.000 -0.005 -0.10 0.00 0.00
Y11 402.727 -0.006 0.000 -0.20 0.00 0.00
Y12 432.773 -0.006 0.000 -0.09 0.00 0.00
X12 435.000 0.000 -0.010 0.16 0.00 0.00
X13 465.125 0.000 -0.024 0.06 0.00 0.00
Y13 467.314 -0.023 0.000 0.37 0.00 0.00
Y14 497.465 0.006 0.000 0.20 0.00 0.00
X14 499.688 0.000 0.024 0.01 0.00 0.00
X15 529.709 0.000 -0.003 0.19 0.00 0.00
Y15 531.929 0.024 0.000 -0.02 0.00 0.00
Y16 561.981 0.033 0.000 -0.04 0.00 0.00
X16 564.143 0.000 0.029 0.23 0.00 0.00
X17 594.208 0.000 -0.013 0.11 0.00 0.00
Y17 596.535 0.019 0.000 0.08 0.00 0.00
