Y0 42.433 0.027 0.000 0.03 0.00 0.00
X0 44.674 0.000 0.031 -0.25 0.00 0.00
X1 74.464 0.000 0.022 0.02 0.00 0.00
Y1 76.616 -0.039 0.000 -0.28 0.00 0.00
Y2 106.459 -0.029 0.000 -0.17 0.00 0.00
X2 108.885 0.000 -0.003 -0.48 0.00 0.00
X3 139.661 0.000 -0.009 -0.26 0.00 0.00
Y3 141.954 -0.006 0.000 -0.16 0.00 0.00
Y4 172.763 0.020 0.000 0.11 0.00 0.00
X4 175.067 0.000 -0.017 -0.06 0.00 0.00
X5 205.910 0.000 -0.003 -0.04 0.00 0.00
Y5 208.210 0.035 0.000 -0.31 0.00 0.00
Y6 239.027 0.051 0.000 -0.11 0.00 0.00
X6 241.235 0.000 -0.057 -0.19 0.00 0.00
X7 271.227 0.000 -0.048 0.26 0.00 0.00
Y7 273.604 -0.038 0.000 0.02 0.00 0.00
Y8 303.493 -0.039 0.000 -0.07 0.00 0.00
X8 305.821 0.000 0.025 0.19 0.00 0.00
X9 335.836 0.000 -0.012 0.26 0.00 0.00
Y9 338.180 0.023 0.000 0.05 0.00 0.00
Y10 368.201 0.020 0.000 0.10 0.00 0.00
X10 370.446 0.000 0.068 0.03 0.00 0.00
X11 400.462 0.000 0.029 0.13 0.00 0.00
Y11 402.833 0.001 0.000 0.14 0.00 0.00
Y12 432.735 -0.014 0.000 0.06 0.00 0.00
X12 434.985 0.000 0.030 0.02 0.00 0.00
X13 465.121 0.000 -0.029 0.12 0.00 0.00
Y13 467.293 0.020 0.000 0.12 0.00 0.00
Y14 497.357 -0.053 0.000 0.14 0.00 0.00
X14 499.558 0.000 -0.046 0.22 0.00 0.00
X15 529.617 0.000 -0.054 0.30 0.00 0.00
Y15 531.927 -0.001 0.000 0.09 0.00 0.00
Y16 561.921 -0.005 0.000 0.16 0.00 0.00
X16 564.282 0.000 0.041 -0.17 0.00 0.00
X17 594.285 0.000 0.029 -0.15 0.00 0.00
Y17 596.605 0.027 0.000 0.15 0.00 0.00
