Y0 42.398 0.036 0.000 0.09 0.00 0.00
X0 44.660 0.000 0.025 -0.18 0.00 0.00
X1 74.459 0.000 0.016 0.04 0.00 0.00
Y1 76.593 -0.035 0.000 -0.27 0.00 0.00
Y2 106.445 -0.027 0.000 -0.17 0.00 0.00
X2 108.876 0.000 -0.008 -0.47 0.00 0.00
X3 139.672 0.000 -0.011 -0.28 0.00 0.00
Y3 141.961 -0.007 0.000 -0.15 0.00 0.00
Y4 172.779 0.016 0.000 0.13 0.00 0.00
X4 175.079 0.000 -0.016 -0.05 0.00 0.00
X5 205.923 0.000 -0.000 -0.01 0.00 0.00
Y5 208.232 0.029 0.000 -0.30 0.00 0.00
Y6 239.046 0.047 0.000 -0.13 0.00 0.00
X6 241.237 0.000 -0.055 -0.16 0.00 0.00
X7 271.236 0.000 -0.042 0.30 0.00 0.00
Y7 273.623 -0.039 0.000 0.00 0.00 0.00
Y8 303.513 -0.042 0.000 -0.11 0.00 0.00
X8 305.822 0.000 0.033 0.22 0.00 0.00
X9 335.836 0.000 -0.003 0.29 0.00 0.00
Y9 338.195 0.019 0.000 0.02 0.00 0.00
Y10 368.212 0.018 0.000 0.08 0.00 0.00
X10 370.443 0.000 0.075 0.05 0.00 0.00
X11 400.454 0.000 0.032 0.13 0.00 0.00
Y11 402.832 -0.002 0.000 0.14 0.00 0.00
Y12 432.727 -0.012 0.000 0.08 0.00 0.00
X12 434.972 0.000 0.035 0.03 0.00 0.00
X13 465.119 0.000 -0.027 0.15 0.00 0.00
Y13 467.277 0.022 0.000 0.13 0.00 0.00
Y14 497.352 -0.050 0.000 0.12 0.00 0.00
X14 499.557 0.000 -0.048 0.19 0.00 0.00
X15 529.623 0.000 -0.059 0.24 0.00 0.00
Y15 531.914 0.004 0.000 0.04 0.00 0.00
Y16 561.916 -0.003 0.000 0.11 0.00 0.00
X16 564.281 0.000 0.033 -0.21 0.00 0.00
X17 594.288 0.000 0.020 -0.20 0.00 0.00
Y17 596.597 0.026 0.000 0.11 0.00 0.00
