Y0 42.419 0.033 0.000 -0.07 0.00 0.00
X0 44.682 0.000 0.027 -0.13 0.00 0.00
X1 74.475 0.000 0.016 0.10 0.00 0.00
Y1 76.599 -0.038 0.000 -0.34 0.00 0.00
Y2 106.451 -0.029 0.000 -0.22 0.00 0.00
X2 108.885 0.000 -0.009 -0.45 0.00 0.00
X3 139.673 0.000 -0.010 -0.25 0.00 0.00
Y3 141.945 -0.007 0.000 -0.17 0.00 0.00
Y4 172.767 0.017 0.000 0.13 0.00 0.00
X4 175.066 0.000 -0.016 -0.04 0.00 0.00
X5 205.905 0.000 -0.002 -0.01 0.00 0.00
Y5 208.226 0.034 0.000 -0.25 0.00 0.00
Y6 239.043 0.050 0.000 -0.08 0.00 0.00
X6 241.214 0.000 -0.055 -0.18 0.00 0.00
X7 271.223 0.000 -0.041 0.27 0.00 0.00
Y7 273.621 -0.037 0.000 0.02 0.00 0.00
Y8 303.515 -0.040 0.000 -0.09 0.00 0.00
X8 305.817 0.000 0.033 0.20 0.00 0.00
X9 335.835 0.000 -0.003 0.27 0.00 0.00
Y9 338.194 0.022 0.000 0.04 0.00 0.00
Y10 368.211 0.017 0.000 0.09 0.00 0.00
X10 370.438 0.000 0.075 0.01 0.00 0.00
X11 400.455 0.000 0.036 0.12 0.00 0.00
Y11 402.827 -0.004 0.000 0.15 0.00 0.00
Y12 432.724 -0.014 0.000 0.08 0.00 0.00
X12 434.978 0.000 0.037 0.04 0.00 0.00
X13 465.119 0.000 -0.026 0.13 0.00 0.00
Y13 467.275 0.020 0.000 0.17 0.00 0.00
Y14 497.347 -0.051 0.000 0.15 0.00 0.00
X14 499.561 0.000 -0.047 0.20 0.00 0.00
X15 529.631 0.000 -0.058 0.26 0.00 0.00
Y15 531.914 0.002 0.000 0.07 0.00 0.00
Y16 561.920 -0.003 0.000 0.15 0.00 0.00
X16 564.284 0.000 0.033 -0.23 0.00 0.00
X17 594.296 0.000 0.017 -0.23 0.00 0.00
Y17 596.612 0.028 0.000 0.14 0.00 0.00
