Y0 42.604 -0.028 0.000 0.25 0.00 0.00
X0 44.668 0.000 -0.031 0.24 0.00 0.00
X1 74.476 0.000 -0.038 0.14 0.00 0.00
Y1 76.636 -0.015 0.000 -0.42 0.00 0.00
Y2 106.516 -0.003 0.000 -0.21 0.00 0.00
X2 108.928 0.000 0.025 -0.01 0.00 0.00
X3 139.640 0.000 0.056 -0.01 0.00 0.00
Y3 141.956 -0.034 0.000 -0.12 0.00 0.00
Y4 172.605 0.025 0.000 -0.01 0.00 0.00
X4 175.144 0.000 -0.005 -0.08 0.00 0.00
X5 205.886 0.000 -0.001 0.19 0.00 0.00
Y5 208.170 -0.005 0.000 -0.11 0.00 0.00
Y6 239.010 -0.014 0.000 0.14 0.00 0.00
X6 241.276 0.000 -0.014 0.06 0.00 0.00
X7 271.110 0.000 0.023 -0.06 0.00 0.00
Y7 273.611 -0.085 0.000 0.06 0.00 0.00
Y8 303.475 0.393 0.000 0.15 0.00 0.00
X8 305.933 0.000 0.041 -0.33 0.00 0.00
X9 335.832 0.000 0.041 -0.10 0.00 0.00
Y9 338.116 -0.007 0.000 0.04 0.00 0.00
Y10 368.105 -0.054 0.000 -0.24 0.00 0.00
X10 370.324 0.000 -0.052 -0.10 0.00 0.00
X11 400.255 0.000 -0.037 0.25 0.00 0.00
Y11 402.784 -0.063 0.000 -0.25 0.00 0.00
Y12 432.684 -0.066 0.000 -0.12 0.00 0.00
X12 435.095 0.000 -0.022 0.03 0.00 0.00
X13 465.039 0.000 -0.003 0.04 0.00 0.00
Y13 467.371 -0.088 0.000 0.06 0.00 0.00
Y14 497.358 -0.064 0.000 0.22 0.00 0.00
X14 499.730 0.000 -0.010 -0.10 0.00 0.00
X15 529.594 0.000 -0.014 -0.09 0.00 0.00
Y15 531.973 0.048 0.000 0.23 0.00 0.00
Y16 561.941 0.025 0.000 0.22 0.00 0.00
X16 564.284 0.000 0.026 -0.19 0.00 0.00
X17 594.321 0.000 0.012 0.06 0.00 0.00
Y17 596.695 0.034 0.000 0.17 0.00 0.00
