Y0 42.611 -0.024 0.000 0.41 0.00 0.00
X0 44.650 0.000 -0.037 0.27 0.00 0.00
X1 74.465 0.000 -0.041 0.16 0.00 0.00
Y1 76.640 -0.013 0.000 -0.27 0.00 0.00
Y2 106.520 -0.004 0.000 -0.06 0.00 0.00
X2 108.928 0.000 0.023 -0.06 0.00 0.00
X3 139.643 0.000 0.058 -0.05 0.00 0.00
Y3 141.958 -0.034 0.000 0.00 0.00 0.00
Y4 172.590 0.025 0.000 0.07 0.00 0.00
X4 175.152 0.000 -0.001 -0.14 0.00 0.00
X5 205.900 0.000 0.007 0.13 0.00 0.00
Y5 208.166 -0.005 0.000 -0.11 0.00 0.00
Y6 239.015 -0.015 0.000 0.12 0.00 0.00
X6 241.283 0.000 -0.011 0.04 0.00 0.00
X7 271.123 0.000 0.024 -0.09 0.00 0.00
Y7 273.610 -0.088 0.000 0.10 0.00 0.00
Y8 303.475 0.394 0.000 0.13 0.00 0.00
X8 305.930 0.000 0.042 -0.37 0.00 0.00
X9 335.833 0.000 0.042 -0.14 0.00 0.00
Y9 338.112 -0.013 0.000 0.03 0.00 0.00
Y10 368.103 -0.055 0.000 -0.29 0.00 0.00
X10 370.325 0.000 -0.054 -0.13 0.00 0.00
X11 400.258 0.000 -0.039 0.21 0.00 0.00
Y11 402.776 -0.066 0.000 -0.31 0.00 0.00
Y12 432.682 -0.067 0.000 -0.17 0.00 0.00
X12 435.095 0.000 -0.020 0.05 0.00 0.00
X13 465.037 0.000 -0.004 0.09 0.00 0.00
Y13 467.370 -0.087 0.000 -0.02 0.00 0.00
Y14 497.365 -0.065 0.000 0.09 0.00 0.00
X14 499.726 0.000 -0.013 -0.03 0.00 0.00
X15 529.592 0.000 -0.016 0.00 0.00 0.00
Y15 531.977 0.051 0.000 0.11 0.00 0.00
Y16 561.948 0.029 0.000 0.10 0.00 0.00
X16 564.275 0.000 0.027 -0.10 0.00 0.00
X17 594.321 0.000 0.012 0.14 0.00 0.00
Y17 596.693 0.037 0.000 0.01 0.00 0.00
