Y0 42.597 -0.022 0.000 0.36 0.00 0.00
X0 44.644 0.000 -0.034 0.27 0.00 0.00
X1 74.454 0.000 -0.043 0.14 0.00 0.00
Y1 76.637 -0.010 0.000 -0.34 0.00 0.00
Y2 106.512 -0.005 0.000 -0.12 0.00 0.00
X2 108.920 0.000 0.021 -0.05 0.00 0.00
X3 139.639 0.000 0.056 -0.06 0.00 0.00
Y3 141.961 -0.033 0.000 -0.09 0.00 0.00
Y4 172.599 0.027 0.000 0.05 0.00 0.00
X4 175.157 0.000 -0.001 -0.12 0.00 0.00
X5 205.897 0.000 0.001 0.16 0.00 0.00
Y5 208.166 -0.007 0.000 -0.06 0.00 0.00
Y6 239.011 -0.017 0.000 0.14 0.00 0.00
X6 241.299 0.000 -0.012 0.04 0.00 0.00
X7 271.126 0.000 0.025 -0.07 0.00 0.00
Y7 273.612 -0.088 0.000 0.06 0.00 0.00
Y8 303.473 0.389 0.000 0.12 0.00 0.00
X8 305.944 0.000 0.046 -0.38 0.00 0.00
X9 335.833 0.000 0.043 -0.17 0.00 0.00
Y9 338.131 -0.014 0.000 -0.01 0.00 0.00
Y10 368.114 -0.056 0.000 -0.29 0.00 0.00
X10 370.333 0.000 -0.051 -0.14 0.00 0.00
X11 400.255 0.000 -0.041 0.20 0.00 0.00
Y11 402.790 -0.065 0.000 -0.31 0.00 0.00
Y12 432.683 -0.067 0.000 -0.17 0.00 0.00
X12 435.099 0.000 -0.022 0.03 0.00 0.00
X13 465.039 0.000 -0.004 0.06 0.00 0.00
Y13 467.375 -0.087 0.000 0.03 0.00 0.00
Y14 497.354 -0.064 0.000 0.16 0.00 0.00
X14 499.739 0.000 -0.012 -0.05 0.00 0.00
X15 529.589 0.000 -0.017 0.01 0.00 0.00
Y15 531.975 0.048 0.000 0.19 0.00 0.00
Y16 561.935 0.029 0.000 0.18 0.00 0.00
X16 564.273 0.000 0.026 -0.11 0.00 0.00
X17 594.296 0.000 0.012 0.16 0.00 0.00
Y17 596.684 0.041 0.000 0.13 0.00 0.00
