Y0 42.552 0.050 0.000 -0.05 0.00 0.00
X0 44.614 0.000 0.009 0.01 0.00 0.00
X1 74.523 0.000 -0.015 -0.00 0.00 0.00
Y1 76.666 -0.027 0.000 0.16 0.00 0.00
Y2 106.492 -0.076 0.000 0.20 0.00 0.00
X3 139.666 0.000 0.041 0.10 0.00 0.00
Y3 141.930 -0.000 0.000 -0.19 0.00 0.00
Y4 172.766 -0.031 0.000 -0.03 0.00 0.00
X4 175.036 0.000 0.013 -0.12 0.00 0.00
X5 205.935 0.000 -0.001 0.08 0.00 0.00
Y5 208.137 0.053 0.000 -0.11 0.00 0.00
Y6 238.915 0.024 0.000 -0.08 0.00 0.00
X6 241.218 0.000 -0.012 -0.06 0.00 0.00
X7 271.259 0.000 0.057 -0.06 0.00 0.00
Y7 273.502 0.018 0.000 -0.23 0.00 0.00
Y8 303.504 0.025 0.000 -0.09 0.00 0.00
X8 305.853 0.000 0.015 -0.00 0.00 0.00
X9 335.792 0.000 -0.015 -0.03 0.00 0.00
Y9 338.110 -0.019 0.000 -0.01 0.00 0.00
Y10 368.107 0.023 0.000 0.08 0.00 0.00
X10 370.529 0.000 -0.110 -0.18 0.00 0.00
X11 400.495 0.000 -0.098 0.14 0.00 0.00
Y11 402.842 -0.013 0.000 0.16 0.00 0.00
Y12 432.837 -0.045 0.000 0.17 0.00 0.00
X13 464.965 0.000 -0.049 0.10 0.00 0.00
Y13 467.359 0.020 0.000 -0.01 0.00 0.00
Y14 497.384 0.016 0.000 0.06 0.00 0.00
X14 499.627 0.000 0.014 0.15 0.00 0.00
X15 529.598 0.000 -0.003 0.11 0.00 0.00
Y15 532.000 -0.004 0.000 -0.15 0.00 0.00
Y16 562.060 0.019 0.000 0.03 0.00 0.00
X16 564.181 0.000 0.076 -0.10 0.00 0.00
X17 594.215 0.000 0.076 -0.10 0.00 0.00
Y17 596.448 -0.033 0.000 0.02 0.00 0.00
