Y0 42.774 -0.028 0.000 0.252 0.000 0.000
X0 44.625 0.000 -0.004 -0.070 0.000 0.000
X1 74.388 0.000 -0.022 -0.087 0.000 0.000
Y1 76.950 -0.081 0.000 -0.204 0.000 0.000
Y2 106.613 0.128 0.000 1.310 0.000 0.000
X2 108.919 0.000 -0.030 0.148 0.000 0.000
X3 139.661 0.000 -0.036 0.035 0.000 0.000
Y3 142.115 -0.108 0.000 -0.673 0.000 0.000
Y4 172.785 -0.109 0.000 -0.416 0.000 0.000
X4 175.095 0.000 0.057 -0.070 0.000 0.000
X5 205.719 0.000 0.068 -0.198 0.000 0.000
Y5 208.320 -0.058 0.000 -0.179 0.000 0.000
Y6 238.865 0.234 0.000 -0.386 0.000 0.000
X6 241.292 0.000 -0.033 0.017 0.000 0.000
X7 271.182 0.000 -0.062 0.360 0.000 0.000
Y7 273.579 0.094 0.000 -0.074 0.000 0.000
Y8 303.533 0.090 0.000 -0.191 0.000 0.000
X8 305.877 0.000 0.049 0.019 0.000 0.000
X9 335.793 0.000 0.051 -0.477 0.000 0.000
Y9 338.076 0.041 0.000 0.440 0.000 0.000
Y10 368.029 0.004 0.000 0.581 0.000 0.000
X10 370.549 0.000 -0.057 0.016 0.000 0.000
X11 400.418 0.000 -0.096 -0.028 0.000 0.000
Y11 402.688 -0.084 0.000 -0.420 0.000 0.000
Y12 432.609 -0.094 0.000 -0.159 0.000 0.000
X12 435.141 0.000 0.057 0.113 0.000 0.000
X13 465.160 0.000 0.076 -0.122 0.000 0.000
Y13 467.279 -0.070 0.000 0.168 0.000 0.000
Y14 497.236 -0.074 0.000 0.117 0.000 0.000
X14 499.624 0.000 0.025 -0.011 0.000 0.000
X15 529.643 0.000 0.169 0.272 0.000 0.000
Y15 531.887 0.091 0.000 -0.407 0.000 0.000
Y16 561.713 0.094 0.000 -0.144 0.000 0.000
X16 564.199 0.000 -0.069 -0.199 0.000 0.000
X17 594.258 0.000 -0.143 0.274 0.000 0.000
Y17 596.564 -0.070 0.000 0.391 0.000 0.000
