Y0 42.634 0.018 0.000 0.680 0.000 0.000
X0 44.639 0.000 -0.033 0.166 0.000 0.000
X1 74.350 0.000 -0.046 0.055 0.000 0.000
Y1 76.735 -0.038 0.000 -0.450 0.000 0.000
Y2 106.525 -0.047 0.000 -0.389 0.000 0.000
X2 108.883 0.000 0.059 0.051 0.000 0.000
X3 139.759 0.000 -0.019 0.048 0.000 0.000
Y3 141.906 0.018 0.000 0.312 0.000 0.000
Y4 172.686 0.029 0.000 0.239 0.000 0.000
X4 175.136 0.000 0.033 0.019 0.000 0.000
X5 205.898 0.000 0.057 -0.021 0.000 0.000
Y5 208.022 0.017 0.000 -0.115 0.000 0.000
Y6 238.863 0.060 0.000 0.117 0.000 0.000
X6 241.234 0.000 0.024 -0.251 0.000 0.000
X7 271.108 0.000 0.031 -0.214 0.000 0.000
Y7 273.519 -0.033 0.000 -0.125 0.000 0.000
Y8 303.519 -0.085 0.000 -0.282 0.000 0.000
X8 305.978 0.000 -0.102 0.085 0.000 0.000
X9 335.926 0.000 -0.125 -0.192 0.000 0.000
Y9 338.189 0.122 0.000 0.509 0.000 0.000
Y10 368.138 0.054 0.000 0.556 0.000 0.000
X10 370.386 0.000 0.043 0.446 0.000 0.000
X11 400.397 0.000 0.063 0.116 0.000 0.000
Y11 402.866 -0.038 0.000 -0.426 0.000 0.000
Y12 432.798 -0.026 0.000 -0.165 0.000 0.000
X12 435.070 0.000 0.033 0.031 0.000 0.000
X13 464.949 0.000 0.008 0.077 0.000 0.000
Y13 467.285 -0.076 0.000 -0.175 0.000 0.000
Y14 497.262 -0.041 0.000 -0.214 0.000 0.000
X14 499.710 0.000 0.015 -0.102 0.000 0.000
X15 529.611 0.000 0.019 -0.166 0.000 0.000
Y15 531.969 -0.010 0.000 0.275 0.000 0.000
Y16 562.038 0.053 0.000 0.329 0.000 0.000
X16 564.338 0.000 -0.048 0.141 0.000 0.000
X17 594.164 0.000 -0.012 0.326 0.000 0.000
Y17 596.659 0.023 0.000 -0.050 0.000 0.000
