Y0 42.603 -0.066 +0.000 +0.168 +0.000 +0.000
X0 44.639 +0.000 +0.073 -0.203 +0.000 +0.000
X1 74.407 +0.000 +0.056 -0.170 +0.000 +0.000
Y1 76.826 -0.101 +0.000 -0.220 +0.000 +0.000
Y2 106.507 +0.112 +0.000 +1.278 +0.000 +0.000
X2 108.938 +0.000 +0.040 +0.160 +0.000 +0.000
X3 139.691 +0.000 +0.021 +0.041 +0.000 +0.000
Y3 142.040 -0.121 +0.000 -0.622 +0.000 +0.000
Y4 172.735 -0.123 +0.000 -0.364 +0.000 +0.000
X4 175.122 +0.000 +0.120 -0.118 +0.000 +0.000
X5 205.746 +0.000 +0.119 -0.200 +0.000 +0.000
Y5 208.299 -0.074 +0.000 -0.147 +0.000 +0.000
Y6 238.845 +0.217 +0.000 -0.352 +0.000 +0.000
X6 241.315 +0.000 +0.004 -0.019 +0.000 +0.000
X7 271.209 +0.000 -0.035 +0.332 +0.000 +0.000
Y7 273.582 +0.080 +0.000 -0.096 +0.000 +0.000
Y8 303.560 +0.076 +0.000 -0.206 +0.000 +0.000
X8 305.896 +0.000 +0.059 +0.006 +0.000 +0.000
X9 335.812 +0.000 +0.050 -0.472 +0.000 +0.000
Y9 338.111 +0.041 +0.000 +0.517 +0.000 +0.000
Y10 368.070 +0.006 +0.000 +0.630 +0.000 +0.000
X10 370.555 +0.000 -0.062 +0.092 +0.000 +0.000
X11 400.418 +0.000 -0.111 +0.045 +0.000 +0.000
Y11 402.729 -0.095 +0.000 -0.410 +0.000 +0.000
Y12 432.664 -0.102 +0.000 -0.145 +0.000 +0.000
X12 435.123 +0.000 +0.043 +0.104 +0.000 +0.000
X13 465.135 +0.000 +0.050 -0.135 +0.000 +0.000
Y13 467.337 -0.080 +0.000 +0.180 +0.000 +0.000
Y14 497.302 -0.086 +0.000 +0.112 +0.000 +0.000
X14 499.582 +0.000 -0.011 -0.058 +0.000 +0.000
X15 529.598 +0.000 +0.123 +0.226 +0.000 +0.000
Y15 531.970 +0.091 +0.000 -0.408 +0.000 +0.000
Y16 561.807 +0.096 +0.000 -0.125 +0.000 +0.000
X16 564.135 +0.000 -0.135 -0.137 +0.000 +0.000
X17 594.179 +0.000 -0.215 +0.344 +0.000 +0.000
Y17 596.652 -0.057 +0.000 +0.379 +0.000 +0.000
