Y0 42.462 0.083 0.000 0.16 0.00 0.00
X0 44.646 0.000 0.051 0.20 0.00 0.00
X1 74.510 0.000 0.044 0.14 0.00 0.00
Y1 76.681 -0.002 0.000 0.21 0.00 0.00
Y2 106.437 -0.008 0.000 -0.02 0.00 0.00
X2 108.895 0.000 0.004 0.06 0.00 0.00
X3 139.604 0.000 -0.028 -0.00 0.00 0.00
Y3 141.979 0.000 0.000 -0.31 0.00 0.00
Y4 172.788 -0.003 0.000 -0.10 0.00 0.00
X4 175.137 0.000 -0.055 -0.06 0.00 0.00
X5 205.855 0.000 -0.056 -0.05 0.00 0.00
Y5 208.135 -0.012 0.000 0.22 0.00 0.00
Y6 238.889 0.009 0.000 0.11 0.00 0.00
X6 241.177 0.000 0.007 0.08 0.00 0.00
X7 271.187 0.000 -0.044 0.09 0.00 0.00
Y7 273.563 -0.073 0.000 0.24 0.00 0.00
Y8 303.579 -0.030 0.000 -0.08 0.00 0.00
X8 305.778 0.000 0.046 -0.06 0.00 0.00
X9 335.897 0.000 0.024 0.27 0.00 0.00
Y9 338.192 -0.004 0.000 0.08 0.00 0.00
Y10 368.212 -0.028 0.000 -0.07 0.00 0.00
X10 370.471 0.000 -0.001 0.05 0.00 0.00
X11 400.524 0.000 -0.010 -0.10 0.00 0.00
Y11 402.724 0.003 0.000 -0.26 0.00 0.00
Y12 432.764 -0.001 0.000 -0.13 0.00 0.00
X12 435.002 0.000 -0.009 -0.01 0.00 0.00
X13 465.119 0.000 -0.024 -0.16 0.00 0.00
Y13 467.321 -0.020 0.000 0.23 0.00 0.00
Y14 497.468 0.006 0.000 0.07 0.00 0.00
X14 499.689 0.000 0.027 -0.20 0.00 0.00
X15 529.711 0.000 0.003 -0.05 0.00 0.00
Y15 531.929 0.034 0.000 -0.15 0.00 0.00
Y16 561.975 0.037 0.000 -0.18 0.00 0.00
X16 564.138 0.000 0.034 -0.03 0.00 0.00
X17 594.196 0.000 -0.012 -0.12 0.00 0.00
Y17 596.512 0.011 0.000 -0.04 0.00 0.00
