Y0 42.869 -0.057 +0.000 +0.358 +0.000 +0.000
X0 44.956 +0.000 -0.065 +0.504 +0.000 +0.000
X1 74.621 +0.000 -0.088 +0.221 +0.000 +0.000
Y1 76.966 -0.065 +0.000 -0.536 +0.000 +0.000
Y2 106.713 -0.019 +0.000 -0.139 +0.000 +0.000
X2 109.123 +0.000 +0.131 -0.123 +0.000 +0.000
X3 139.791 +0.000 +0.127 -0.168 +0.000 +0.000
Y3 142.097 +0.154 +0.000 +0.369 +0.000 +0.000
Y4 172.830 +0.159 +0.000 +0.475 +0.000 +0.000
X4 175.177 +0.000 +0.128 -0.040 +0.000 +0.000
X5 205.913 +0.000 +0.111 -0.315 +0.000 +0.000
Y5 208.200 -0.074 +0.000 -0.275 +0.000 +0.000
Y6 238.958 -0.035 +0.000 -0.273 +0.000 +0.000
X6 241.409 +0.000 -0.098 +0.213 +0.000 +0.000
X7 271.328 +0.000 -0.092 -0.004 +0.000 +0.000
Y7 273.572 -0.040 +0.000 -0.018 +0.000 +0.000
Y8 303.418 -0.016 +0.000 +0.004 +0.000 +0.000
X8 305.918 +0.000 -0.084 +0.020 +0.000 +0.000
X9 335.796 +0.000 -0.133 +0.153 +0.000 +0.000
Y9 338.104 +0.132 +0.000 -0.032 +0.000 +0.000
Y10 368.020 +0.166 +0.000 +0.128 +0.000 +0.000
X10 370.417 +0.000 -0.105 -0.122 +0.000 +0.000
X11 400.289 +0.000 -0.134 -0.308 +0.000 +0.000
Y11 402.699 -0.078 +0.000 -0.198 +0.000 +0.000
Y12 432.599 -0.074 +0.000 -0.210 +0.000 +0.000
X12 434.925 +0.000 +0.011 +0.217 +0.000 +0.000
X13 464.884 +0.000 -0.005 +0.303 +0.000 +0.000
Y13 467.202 +0.016 +0.000 -0.157 +0.000 +0.000
Y14 497.198 +0.012 +0.000 -0.306 +0.000 +0.000
X14 499.505 +0.000 -0.033 -0.145 +0.000 +0.000
X15 529.521 +0.000 -0.048 -0.105 +0.000 +0.000
Y15 531.819 +0.062 +0.000 +0.432 +0.000 +0.000
Y16 561.745 +0.067 +0.000 +0.193 +0.000 +0.000
X16 564.044 +0.000 +0.016 +0.032 +0.000 +0.000
X17 594.066 +0.000 -0.020 +0.116 +0.000 +0.000
Y17 596.462 +0.061 +0.000 -0.258 +0.000 +0.000
