Y0 42.617 -0.024 0.000 0.35 0.00 0.00
X0 44.541 0.000 -0.034 0.03 0.00 0.00
X1 74.444 0.000 -0.042 0.12 0.00 0.00
Y1 76.513 -0.069 0.000 0.06 0.00 0.00
Y2 106.341 -0.059 0.000 -0.11 0.00 0.00
X2 109.009 0.000 -0.021 -0.29 0.00 0.00
X3 139.868 0.000 -0.008 -0.01 0.00 0.00
Y3 142.021 0.037 0.000 -0.08 0.00 0.00
Y4 172.830 0.063 0.000 -0.02 0.00 0.00
X4 175.047 0.000 0.081 0.09 0.00 0.00
X5 205.829 0.000 0.089 0.29 0.00 0.00
Y5 208.272 0.030 0.000 0.01 0.00 0.00
Y6 239.105 0.037 0.000 0.17 0.00 0.00
X6 241.155 0.000 -0.020 0.26 0.00 0.00
X7 271.076 0.000 -0.105 0.16 0.00 0.00
Y7 273.470 -0.037 0.000 0.02 0.00 0.00
Y8 303.454 0.068 0.000 -0.10 0.00 0.00
X8 305.923 0.000 -0.014 -0.42 0.00 0.00
X9 335.884 0.000 0.009 -0.19 0.00 0.00
Y9 338.079 -0.028 0.000 -0.44 0.00 0.00
Y10 368.078 -0.045 0.000 -0.06 0.00 0.00
X10 370.564 0.000 0.065 0.09 0.00 0.00
X11 400.559 0.000 0.023 0.25 0.00 0.00
Y11 402.809 0.044 0.000 -0.08 0.00 0.00
Y12 432.734 0.077 0.000 0.19 0.00 0.00
X12 434.933 0.000 0.021 -0.25 0.00 0.00
X13 464.875 0.000 0.069 0.09 0.00 0.00
Y13 467.319 0.080 0.000 -0.07 0.00 0.00
Y14 497.384 0.064 0.000 0.16 0.00 0.00
X14 499.471 0.000 -0.001 0.16 0.00 0.00
X15 529.713 0.000 0.004 -0.29 0.00 0.00
Y15 531.976 -0.179 0.000 -0.18 0.00 0.00
Y16 562.007 -0.239 0.000 0.02 0.00 0.00
X16 564.307 0.000 -0.097 0.09 0.00 0.00
X17 594.337 0.000 -0.019 -0.20 0.00 0.00
Y17 596.602 0.176 0.000 0.09 0.00 0.00
