Y0 42.728 -0.028 0.000 0.289 0.000 0.000
X0 44.792 0.000 -0.013 -0.137 0.000 0.000
X1 74.538 0.000 -0.016 -0.136 0.000 0.000
Y1 76.939 -0.080 0.000 -0.178 0.000 0.000
Y2 106.630 0.131 0.000 1.335 0.000 0.000
X2 109.054 0.000 -0.032 0.166 0.000 0.000
X3 139.793 0.000 -0.035 0.039 0.000 0.000
Y3 142.117 -0.104 0.000 -0.668 0.000 0.000
Y4 172.810 -0.106 0.000 -0.402 0.000 0.000
X4 175.203 0.000 0.058 -0.102 0.000 0.000
X5 205.809 0.000 0.073 -0.193 0.000 0.000
Y5 208.348 -0.061 0.000 -0.181 0.000 0.000
Y6 238.899 0.233 0.000 -0.385 0.000 0.000
X6 241.359 0.000 -0.032 -0.025 0.000 0.000
X7 271.239 0.000 -0.062 0.343 0.000 0.000
Y7 273.610 0.092 0.000 -0.066 0.000 0.000
Y8 303.571 0.085 0.000 -0.152 0.000 0.000
X8 305.895 0.000 0.048 0.045 0.000 0.000
X9 335.795 0.000 0.050 -0.431 0.000 0.000
Y9 338.098 0.038 0.000 0.429 0.000 0.000
Y10 368.045 0.001 0.000 0.539 0.000 0.000
X10 370.523 0.000 -0.058 0.063 0.000 0.000
X11 400.380 0.000 -0.096 -0.010 0.000 0.000
Y11 402.692 -0.087 0.000 -0.454 0.000 0.000
Y12 432.609 -0.092 0.000 -0.196 0.000 0.000
X12 435.064 0.000 0.058 0.139 0.000 0.000
X13 465.064 0.000 0.076 -0.120 0.000 0.000
Y13 467.258 -0.068 0.000 0.198 0.000 0.000
Y14 497.212 -0.075 0.000 0.115 0.000 0.000
X14 499.489 0.000 0.025 -0.012 0.000 0.000
X15 529.489 0.000 0.166 0.276 0.000 0.000
Y15 531.856 0.092 0.000 -0.426 0.000 0.000
Y16 561.683 0.099 0.000 -0.138 0.000 0.000
X16 564.004 0.000 -0.069 -0.194 0.000 0.000
X17 594.043 0.000 -0.142 0.290 0.000 0.000
Y17 596.512 -0.068 0.000 0.346 0.000 0.000
