Y0 42.595 0.062 0.000 0.17 0.00 0.00
X0 44.643 0.000 0.026 0.27 0.00 0.00
X1 74.460 0.000 -0.025 -0.11 0.00 0.00
Y1 76.611 0.000 0.000 0.04 0.00 0.00
Y2 106.447 -0.035 0.000 0.05 0.00 0.00
X2 108.822 0.000 0.004 -0.18 0.00 0.00
X3 139.615 0.000 -0.027 -0.09 0.00 0.00
Y3 141.964 -0.007 0.000 -0.25 0.00 0.00
Y4 172.724 0.032 0.000 -0.11 0.00 0.00
X4 175.045 0.000 0.019 -0.17 0.00 0.00
X5 205.890 0.000 0.043 0.09 0.00 0.00
Y5 208.155 -0.009 0.000 0.11 0.00 0.00
Y6 238.996 0.027 0.000 -0.12 0.00 0.00
X6 241.410 0.000 -0.060 0.49 0.00 0.00
X7 271.348 0.000 -0.059 0.40 0.00 0.00
Y7 273.554 -0.047 0.000 0.05 0.00 0.00
Y8 303.565 0.002 0.000 -0.15 0.00 0.00
X8 305.831 0.000 -0.007 0.37 0.00 0.00
X9 335.795 0.000 0.011 0.21 0.00 0.00
Y9 338.088 -0.052 0.000 -0.12 0.00 0.00
Y10 368.189 -0.088 0.000 -0.14 0.00 0.00
X10 370.400 0.000 0.067 0.04 0.00 0.00
X11 400.485 0.000 0.021 -0.10 0.00 0.00
Y11 402.720 0.055 0.000 0.09 0.00 0.00
Y12 432.742 0.033 0.000 0.03 0.00 0.00
X12 435.019 0.000 0.009 0.10 0.00 0.00
X13 464.983 0.000 0.016 0.04 0.00 0.00
Y13 467.302 0.011 0.000 0.06 0.00 0.00
Y14 497.338 -0.038 0.000 0.04 0.00 0.00
X14 499.665 0.000 0.031 -0.29 0.00 0.00
X15 529.645 0.000 -0.014 -0.20 0.00 0.00
Y15 531.960 -0.026 0.000 -0.10 0.00 0.00
Y16 562.048 0.031 0.000 -0.03 0.00 0.00
X16 564.288 0.000 -0.014 -0.40 0.00 0.00
X17 594.190 0.000 -0.040 -0.40 0.00 0.00
Y17 596.613 0.044 0.000 0.44 0.00 0.00
