Y0 42.595 0.069 0.000 0.08 0.00 0.00
X0 44.557 0.000 -0.009 -0.05 0.00 0.00
X1 74.503 0.000 -0.028 0.02 0.00 0.00
Y1 76.569 -0.012 0.000 -0.34 0.00 0.00
Y2 106.379 -0.006 0.000 -0.28 0.00 0.00
X2 108.862 0.000 0.014 0.01 0.00 0.00
X3 139.610 0.000 -0.013 0.36 0.00 0.00
Y3 141.965 -0.045 0.000 0.08 0.00 0.00
Y4 172.760 -0.034 0.000 0.16 0.00 0.00
X4 175.078 0.000 0.036 -0.10 0.00 0.00
X5 205.884 0.000 0.024 0.14 0.00 0.00
Y5 208.152 0.027 0.000 -0.16 0.00 0.00
Y6 238.910 0.062 0.000 -0.11 0.00 0.00
X6 241.378 0.000 -0.023 0.02 0.00 0.00
X7 271.260 0.000 0.007 -0.12 0.00 0.00
Y7 273.603 -0.061 0.000 -0.19 0.00 0.00
Y8 303.543 -0.055 0.000 -0.12 0.00 0.00
X8 305.884 0.000 0.059 -0.28 0.00 0.00
X9 335.867 0.000 0.010 -0.29 0.00 0.00
Y9 338.204 -0.006 0.000 0.16 0.00 0.00
Y10 368.164 -0.016 0.000 0.10 0.00 0.00
X10 370.407 0.000 -0.061 0.16 0.00 0.00
X11 400.444 0.000 -0.032 0.12 0.00 0.00
Y11 402.859 0.074 0.000 0.03 0.00 0.00
Y12 432.764 0.043 0.000 0.07 0.00 0.00
X12 435.055 0.000 0.009 0.09 0.00 0.00
X13 465.050 0.000 -0.002 0.05 0.00 0.00
Y13 467.371 -0.035 0.000 0.19 0.00 0.00
Y14 497.338 -0.061 0.000 -0.01 0.00 0.00
X14 499.673 0.000 0.006 -0.23 0.00 0.00
X15 529.587 0.000 -0.015 -0.17 0.00 0.00
Y15 531.978 0.029 0.000 -0.05 0.00 0.00
Y16 561.962 0.032 0.000 0.23 0.00 0.00
X16 564.200 0.000 -0.017 0.31 0.00 0.00
X17 594.237 0.000 0.035 -0.00 0.00 0.00
Y17 596.496 -0.006 0.000 0.23 0.00 0.00
