Y0 42.819 -0.028 0.000 0.270 0.000 0.000
X0 44.714 0.000 -0.014 -0.167 0.000 0.000
X1 74.495 0.000 -0.027 -0.149 0.000 0.000
Y1 77.006 -0.081 0.000 -0.239 0.000 0.000
Y2 106.679 0.130 0.000 1.299 0.000 0.000
X2 108.976 0.000 -0.031 0.154 0.000 0.000
X3 139.737 0.000 -0.038 0.052 0.000 0.000
Y3 142.146 -0.102 0.000 -0.657 0.000 0.000
Y4 172.832 -0.108 0.000 -0.391 0.000 0.000
X4 175.143 0.000 0.062 -0.119 0.000 0.000
X5 205.761 0.000 0.073 -0.214 0.000 0.000
Y5 208.348 -0.059 0.000 -0.163 0.000 0.000
Y6 238.893 0.232 0.000 -0.400 0.000 0.000
X6 241.305 0.000 -0.028 0.007 0.000 0.000
X7 271.211 0.000 -0.055 0.336 0.000 0.000
Y7 273.585 0.092 0.000 -0.061 0.000 0.000
Y8 303.558 0.087 0.000 -0.172 0.000 0.000
X8 305.840 0.000 0.050 0.028 0.000 0.000
X9 335.798 0.000 0.050 -0.462 0.000 0.000
Y9 338.070 0.041 0.000 0.457 0.000 0.000
Y10 368.034 0.002 0.000 0.576 0.000 0.000
X10 370.516 0.000 -0.054 0.059 0.000 0.000
X11 400.394 0.000 -0.092 -0.001 0.000 0.000
Y11 402.668 -0.086 0.000 -0.435 0.000 0.000
Y12 432.598 -0.096 0.000 -0.165 0.000 0.000
X12 435.095 0.000 0.060 0.109 0.000 0.000
X13 465.130 0.000 0.079 -0.114 0.000 0.000
Y13 467.233 -0.072 0.000 0.216 0.000 0.000
Y14 497.196 -0.073 0.000 0.132 0.000 0.000
X14 499.527 0.000 0.023 -0.003 0.000 0.000
X15 529.592 0.000 0.165 0.263 0.000 0.000
Y15 531.827 0.093 0.000 -0.449 0.000 0.000
Y16 561.661 0.097 0.000 -0.180 0.000 0.000
X16 564.114 0.000 -0.075 -0.140 0.000 0.000
X17 594.185 0.000 -0.147 0.367 0.000 0.000
Y17 596.464 -0.067 0.000 0.360 0.000 0.000
