Y0 42.750 -0.020 0.000 -0.001 0.000 0.000
X0 44.549 0.000 -0.029 -0.006 0.000 0.000
X1 74.437 0.000 -0.048 -0.148 0.000 0.000
Y1 76.788 0.058 0.000 0.241 0.000 0.000
Y2 106.625 -0.045 0.000 0.297 0.000 0.000
X2 108.796 0.000 0.012 0.310 0.000 0.000
X3 139.609 0.000 0.014 0.035 0.000 0.000
Y3 141.965 0.003 0.000 -0.245 0.000 0.000
Y4 172.755 -0.018 0.000 -0.097 0.000 0.000
X4 175.015 0.000 -0.023 -0.067 0.000 0.000
X5 205.744 0.000 -0.014 -0.032 0.000 0.000
Y5 208.184 -0.005 0.000 -0.148 0.000 0.000
Y6 239.023 0.036 0.000 0.001 0.000 0.000
X6 241.267 0.000 0.045 0.164 0.000 0.000
X7 271.183 0.000 0.018 -0.070 0.000 0.000
Y7 273.546 0.042 0.000 0.006 0.000 0.000
Y8 303.554 0.009 0.000 -0.070 0.000 0.000
X8 305.888 0.000 0.016 0.021 0.000 0.000
X9 335.833 0.000 0.038 0.185 0.000 0.000
Y9 338.141 -0.104 0.000 -0.178 0.000 0.000
Y10 368.175 -0.093 0.000 -0.396 0.000 0.000
X10 370.519 0.000 0.026 -0.034 0.000 0.000
X11 400.369 0.000 0.010 -0.045 0.000 0.000
Y11 402.685 -0.062 0.000 -0.079 0.000 0.000
Y12 432.637 0.266 0.000 1.408 0.000 0.000
X12 435.116 0.000 -0.026 0.081 0.000 0.000
X13 465.076 0.000 -0.007 -0.322 0.000 0.000
Y13 467.319 0.009 0.000 -0.287 0.000 0.000
Y14 497.287 -0.006 0.000 -0.235 0.000 0.000
X14 499.723 0.000 0.046 0.120 0.000 0.000
X15 529.792 0.000 0.051 0.092 0.000 0.000
Y15 531.864 -0.006 0.000 0.017 0.000 0.000
Y16 561.783 -0.040 0.000 -0.069 0.000 0.000
X16 564.356 0.000 -0.096 0.082 0.000 0.000
X17 594.265 0.000 -0.033 -0.360 0.000 0.000
Y17 596.537 -0.023 0.000 -0.168 0.000 0.000
