Y0 42.569 0.041 0.000 -0.06 0.00 0.00
X0 44.616 0.000 0.022 -0.06 0.00 0.00
X1 74.492 0.000 -0.007 -0.06 0.00 0.00
Y1 76.673 -0.042 0.000 0.15 0.00 0.00
Y2 106.481 -0.078 0.000 0.20 0.00 0.00
X2 108.917 0.000 0.048 0.04 0.00 0.00
X3 139.641 0.000 0.033 0.03 0.00 0.00
Y3 141.933 0.006 0.000 -0.21 0.00 0.00
Y4 172.770 -0.021 0.000 -0.07 0.00 0.00
X4 175.027 0.000 0.010 -0.11 0.00 0.00
X5 205.920 0.000 -0.009 0.09 0.00 0.00
Y5 208.141 0.062 0.000 -0.12 0.00 0.00
Y6 238.909 0.032 0.000 -0.09 0.00 0.00
X6 241.212 0.000 -0.018 -0.05 0.00 0.00
X7 271.264 0.000 0.045 -0.09 0.00 0.00
Y7 273.491 0.025 0.000 -0.26 0.00 0.00
Y8 303.496 0.026 0.000 -0.10 0.00 0.00
X8 305.866 0.000 0.003 -0.01 0.00 0.00
X9 335.793 0.000 -0.026 -0.03 0.00 0.00
Y9 338.114 -0.018 0.000 -0.04 0.00 0.00
Y10 368.102 0.024 0.000 0.06 0.00 0.00
X10 370.526 0.000 -0.116 -0.20 0.00 0.00
X11 400.486 0.000 -0.108 0.08 0.00 0.00
Y11 402.835 -0.020 0.000 0.12 0.00 0.00
Y12 432.829 -0.050 0.000 0.17 0.00 0.00
X12 435.035 0.000 -0.006 0.20 0.00 0.00
X13 464.967 0.000 -0.048 0.12 0.00 0.00
Y13 467.352 0.022 0.000 0.01 0.00 0.00
Y14 497.383 0.020 0.000 0.12 0.00 0.00
X14 499.643 0.000 0.019 0.19 0.00 0.00
X15 529.630 0.000 -0.003 0.12 0.00 0.00
Y15 532.004 -0.004 0.000 -0.10 0.00 0.00
Y16 562.062 0.016 0.000 0.06 0.00 0.00
X16 564.231 0.000 0.084 -0.06 0.00 0.00
X17 594.270 0.000 0.077 -0.21 0.00 0.00
Y17 596.468 -0.035 0.000 0.08 0.00 0.00
