Y0 42.799 -0.084 +0.000 +0.363 +0.000 +0.000
X0 44.608 +0.000 +0.019 -0.257 +0.000 +0.000
X1 74.374 +0.000 +0.015 -0.273 +0.000 +0.000
Y1 76.823 -0.046 +0.000 -0.233 +0.000 +0.000
Y2 106.486 -0.110 +0.000 +1.252 +0.000 +0.000
X2 108.865 +0.000 +0.043 +0.236 +0.000 +0.000
X3 139.611 +0.000 +0.067 +0.103 +0.000 +0.000
Y3 142.119 -0.105 +0.000 -0.327 +0.000 +0.000
Y4 172.770 -0.103 +0.000 -0.106 +0.000 +0.000
X4 175.105 +0.000 +0.049 -0.141 +0.000 +0.000
X5 205.728 +0.000 +0.094 -0.264 +0.000 +0.000
Y5 208.267 -0.016 +0.000 -0.107 +0.000 +0.000
Y6 238.808 +0.303 +0.000 -0.284 +0.000 +0.000
X6 241.275 +0.000 +0.055 -0.080 +0.000 +0.000
X7 271.174 +0.000 -0.017 +0.210 +0.000 +0.000
Y7 273.568 +0.151 +0.000 -0.160 +0.000 +0.000
Y8 303.539 +0.147 +0.000 -0.287 +0.000 +0.000
X8 305.842 +0.000 -0.040 +0.023 +0.000 +0.000
X9 335.761 +0.000 +0.063 -0.481 +0.000 +0.000
Y9 338.116 +0.001 +0.000 +0.512 +0.000 +0.000
Y10 368.082 -0.064 +0.000 +0.618 +0.000 +0.000
X10 370.529 +0.000 -0.005 +0.108 +0.000 +0.000
X11 400.399 +0.000 -0.027 +0.062 +0.000 +0.000
Y11 402.739 -0.083 +0.000 -0.431 +0.000 +0.000
Y12 432.679 -0.131 +0.000 -0.199 +0.000 +0.000
X12 435.176 +0.000 -0.046 +0.097 +0.000 +0.000
X13 465.194 +0.000 +0.006 -0.071 +0.000 +0.000
Y13 467.371 -0.120 +0.000 +0.203 +0.000 +0.000
Y14 497.348 -0.099 +0.000 +0.075 +0.000 +0.000
X14 499.635 +0.000 +0.004 -0.068 +0.000 +0.000
X15 529.654 +0.000 +0.094 +0.290 +0.000 +0.000
Y15 531.922 +0.151 +0.000 -0.358 +0.000 +0.000
Y16 561.759 +0.095 +0.000 -0.123 +0.000 +0.000
X16 564.160 +0.000 +0.021 -0.319 +0.000 +0.000
X17 594.210 +0.000 -0.137 +0.168 +0.000 +0.000
Y17 596.678 -0.122 +0.000 +0.289 +0.000 +0.000
