Y0 42.752 0.004 0.000 0.191 0.000 0.000
X0 44.558 0.000 0.086 -0.152 0.000 0.000
X1 74.334 0.000 0.068 -0.122 0.000 0.000
Y1 76.962 -0.038 0.000 -0.169 0.000 0.000
Y2 106.629 0.169 0.000 1.330 0.000 0.000
X2 108.863 0.000 0.050 0.158 0.000 0.000
X3 139.616 0.000 0.034 0.065 0.000 0.000
Y3 142.164 -0.075 0.000 -0.624 0.000 0.000
Y4 172.833 -0.083 0.000 -0.374 0.000 0.000
X4 175.063 0.000 0.139 -0.040 0.000 0.000
X5 205.679 0.000 0.137 -0.137 0.000 0.000
Y5 208.372 -0.045 0.000 -0.152 0.000 0.000
Y6 238.906 0.243 0.000 -0.365 0.000 0.000
X6 241.247 0.000 0.024 -0.031 0.000 0.000
X7 271.151 0.000 -0.014 0.340 0.000 0.000
Y7 273.626 0.102 0.000 -0.044 0.000 0.000
Y8 303.590 0.090 0.000 -0.165 0.000 0.000
X8 305.840 0.000 0.081 0.032 0.000 0.000
X9 335.762 0.000 0.075 -0.455 0.000 0.000
Y9 338.139 0.050 0.000 0.510 0.000 0.000
Y10 368.100 0.007 0.000 0.643 0.000 0.000
X10 370.518 0.000 -0.034 0.093 0.000 0.000
X11 400.394 0.000 -0.080 0.020 0.000 0.000
Y11 402.752 -0.101 0.000 -0.413 0.000 0.000
Y12 432.675 -0.112 0.000 -0.121 0.000 0.000
X12 435.110 0.000 0.073 0.124 0.000 0.000
X13 465.128 0.000 0.083 -0.087 0.000 0.000
Y13 467.338 -0.097 0.000 0.189 0.000 0.000
Y14 497.294 -0.106 0.000 0.136 0.000 0.000
X14 499.595 0.000 0.023 -0.004 0.000 0.000
X15 529.618 0.000 0.158 0.245 0.000 0.000
Y15 531.940 0.062 0.000 -0.334 0.000 0.000
Y16 561.772 0.059 0.000 -0.099 0.000 0.000
X16 564.172 0.000 -0.098 -0.126 0.000 0.000
X17 594.222 0.000 -0.179 0.350 0.000 0.000
Y17 596.590 -0.100 0.000 0.395 0.000 0.000
