Y0 42.791 -0.026 0.000 0.254 0.000 0.000
X0 44.634 0.000 -0.004 -0.114 0.000 0.000
X1 74.405 0.000 -0.017 -0.090 0.000 0.000
Y1 76.979 -0.079 0.000 -0.223 0.000 0.000
Y2 106.655 0.132 0.000 1.272 0.000 0.000
X2 108.932 0.000 -0.028 0.116 0.000 0.000
X3 139.685 0.000 -0.039 0.019 0.000 0.000
Y3 142.143 -0.101 0.000 -0.659 0.000 0.000
Y4 172.825 -0.108 0.000 -0.410 0.000 0.000
X4 175.117 0.000 0.053 -0.109 0.000 0.000
X5 205.746 0.000 0.065 -0.207 0.000 0.000
Y5 208.351 -0.061 0.000 -0.157 0.000 0.000
Y6 238.894 0.231 0.000 -0.376 0.000 0.000
X6 241.308 0.000 -0.032 -0.005 0.000 0.000
X7 271.221 0.000 -0.059 0.362 0.000 0.000
Y7 273.597 0.092 0.000 -0.063 0.000 0.000
Y8 303.562 0.084 0.000 -0.172 0.000 0.000
X8 305.861 0.000 0.047 0.030 0.000 0.000
X9 335.826 0.000 0.049 -0.460 0.000 0.000
Y9 338.079 0.036 0.000 0.445 0.000 0.000
Y10 368.041 -0.001 0.000 0.554 0.000 0.000
X10 370.551 0.000 -0.057 0.032 0.000 0.000
X11 400.435 0.000 -0.097 -0.008 0.000 0.000
Y11 402.677 -0.089 0.000 -0.436 0.000 0.000
Y12 432.609 -0.096 0.000 -0.173 0.000 0.000
X12 435.127 0.000 0.058 0.100 0.000 0.000
X13 465.167 0.000 0.078 -0.144 0.000 0.000
Y13 467.245 -0.071 0.000 0.196 0.000 0.000
Y14 497.211 -0.075 0.000 0.121 0.000 0.000
X14 499.551 0.000 0.024 0.025 0.000 0.000
X15 529.627 0.000 0.167 0.303 0.000 0.000
Y15 531.827 0.095 0.000 -0.411 0.000 0.000
Y16 561.664 0.102 0.000 -0.138 0.000 0.000
X16 564.134 0.000 -0.070 -0.155 0.000 0.000
X17 594.201 0.000 -0.138 0.313 0.000 0.000
Y17 596.459 -0.065 0.000 0.373 0.000 0.000
