Y0 42.577 0.065 0.000 -0.08 0.00 0.00
X0 44.558 0.000 0.021 0.01 0.00 0.00
X1 74.459 0.000 -0.002 -0.02 0.00 0.00
Y1 76.678 -0.087 0.000 -0.46 0.00 0.00
Y2 106.500 -0.086 0.000 -0.32 0.00 0.00
X2 108.741 0.000 0.008 -0.19 0.00 0.00
X3 139.662 0.000 0.027 -0.07 0.00 0.00
Y3 141.952 0.029 0.000 -0.16 0.00 0.00
Y4 172.618 0.025 0.000 -0.08 0.00 0.00
X4 175.163 0.000 0.001 -0.36 0.00 0.00
X5 205.879 0.000 -0.032 0.07 0.00 0.00
Y5 208.132 0.035 0.000 -0.11 0.00 0.00
Y6 238.979 0.055 0.000 -0.05 0.00 0.00
X6 241.337 0.000 -0.013 -0.26 0.00 0.00
X7 271.253 0.000 -0.021 -0.05 0.00 0.00
Y7 273.524 -0.024 0.000 -0.24 0.00 0.00
Y8 303.480 -0.009 0.000 0.30 0.00 0.00
X8 305.881 0.000 0.003 -0.20 0.00 0.00
X9 335.809 0.000 -0.025 0.34 0.00 0.00
Y9 338.191 0.009 0.000 -0.09 0.00 0.00
Y10 368.168 0.013 0.000 0.05 0.00 0.00
X10 370.578 0.000 -0.012 -0.21 0.00 0.00
X11 400.503 0.000 -0.009 0.11 0.00 0.00
Y11 402.764 0.002 0.000 0.07 0.00 0.00
Y12 432.736 -0.021 0.000 0.05 0.00 0.00
X12 435.128 0.000 0.013 -0.10 0.00 0.00
X13 464.995 0.000 -0.006 0.30 0.00 0.00
Y13 467.422 0.032 0.000 0.12 0.00 0.00
Y14 497.385 -0.004 0.000 0.08 0.00 0.00
X14 499.725 0.000 0.044 0.02 0.00 0.00
X15 529.556 0.000 0.024 0.23 0.00 0.00
Y15 531.948 -0.021 0.000 0.12 0.00 0.00
Y16 562.040 -0.003 0.000 0.28 0.00 0.00
X16 564.178 0.000 -0.014 0.21 0.00 0.00
X17 594.131 0.000 -0.007 0.25 0.00 0.00
Y17 596.517 -0.010 0.000 0.59 0.00 0.00
