Y0 42.582 0.059 0.000 0.39 0.00 0.00
X0 44.608 0.000 0.010 -0.43 0.00 0.00
X1 74.493 0.000 0.018 0.25 0.00 0.00
Y1 76.628 -0.002 0.000 -0.01 0.00 0.00
Y2 106.454 -0.069 0.000 0.03 0.00 0.00
X2 108.886 0.000 -0.003 -0.05 0.00 0.00
X3 139.691 0.000 -0.006 0.28 0.00 0.00
Y3 141.995 -0.061 0.000 -0.26 0.00 0.00
Y4 172.766 -0.024 0.000 0.08 0.00 0.00
X4 175.066 0.000 0.001 -0.33 0.00 0.00
X5 205.911 0.000 0.009 0.12 0.00 0.00
Y5 208.139 -0.004 0.000 -0.28 0.00 0.00
Y6 238.973 0.012 0.000 0.06 0.00 0.00
X6 241.166 0.000 -0.028 -0.19 0.00 0.00
X7 271.331 0.000 -0.024 0.11 0.00 0.00
Y7 273.471 0.053 0.000 -0.31 0.00 0.00
Y8 303.575 0.060 0.000 -0.05 0.00 0.00
X8 305.787 0.000 0.013 0.03 0.00 0.00
X9 335.911 0.000 -0.034 0.19 0.00 0.00
Y9 338.013 0.018 0.000 0.01 0.00 0.00
Y10 368.207 -0.017 0.000 0.14 0.00 0.00
X10 370.369 0.000 -0.017 -0.27 0.00 0.00
X11 400.442 0.000 -0.008 0.16 0.00 0.00
Y11 402.768 0.061 0.000 0.10 0.00 0.00
Y12 432.753 0.018 0.000 0.31 0.00 0.00
X12 434.995 0.000 0.030 -0.27 0.00 0.00
X13 465.112 0.000 0.028 0.12 0.00 0.00
Y13 467.283 -0.060 0.000 0.04 0.00 0.00
Y14 497.414 -0.069 0.000 0.38 0.00 0.00
X14 499.607 0.000 0.046 -0.04 0.00 0.00
X15 529.696 0.000 0.031 0.16 0.00 0.00
Y15 531.986 0.009 0.000 -0.29 0.00 0.00
Y16 561.994 0.020 0.000 0.08 0.00 0.00
X16 564.227 0.000 -0.017 0.11 0.00 0.00
X17 594.236 0.000 -0.049 0.03 0.00 0.00
Y17 596.609 -0.005 0.000 -0.34 0.00 0.00
