Y0 42.498 0.071 0.000 0.26 0.00 0.00
X0 44.636 0.000 0.050 0.29 0.00 0.00
X1 74.521 0.000 0.042 0.18 0.00 0.00
Y1 76.680 -0.010 0.000 0.31 0.00 0.00
Y2 106.440 -0.013 0.000 0.02 0.00 0.00
X2 108.901 0.000 0.000 0.08 0.00 0.00
X3 139.597 0.000 -0.032 0.01 0.00 0.00
Y3 141.964 0.000 0.000 -0.30 0.00 0.00
Y4 172.762 -0.003 0.000 -0.16 0.00 0.00
X4 175.139 0.000 -0.058 -0.03 0.00 0.00
X5 205.849 0.000 -0.058 -0.06 0.00 0.00
Y5 208.115 -0.000 0.000 0.17 0.00 0.00
Y6 238.885 0.020 0.000 -0.00 0.00 0.00
X6 241.182 0.000 0.013 0.08 0.00 0.00
X7 271.188 0.000 -0.041 0.08 0.00 0.00
Y7 273.567 -0.074 0.000 0.17 0.00 0.00
Y8 303.583 -0.028 0.000 -0.13 0.00 0.00
X8 305.779 0.000 0.049 -0.04 0.00 0.00
X9 335.900 0.000 0.033 0.25 0.00 0.00
Y9 338.203 0.008 0.000 0.05 0.00 0.00
Y10 368.216 -0.014 0.000 -0.08 0.00 0.00
X10 370.469 0.000 0.003 0.05 0.00 0.00
X11 400.519 0.000 -0.007 -0.15 0.00 0.00
Y11 402.721 -0.000 0.000 -0.24 0.00 0.00
Y12 432.764 -0.001 0.000 -0.16 0.00 0.00
X12 435.002 0.000 -0.010 -0.01 0.00 0.00
X13 465.126 0.000 -0.025 -0.16 0.00 0.00
Y13 467.317 -0.025 0.000 0.29 0.00 0.00
Y14 497.471 0.004 0.000 0.07 0.00 0.00
X14 499.680 0.000 0.020 -0.22 0.00 0.00
X15 529.706 0.000 0.001 -0.08 0.00 0.00
Y15 531.928 0.025 0.000 -0.09 0.00 0.00
Y16 561.977 0.034 0.000 -0.13 0.00 0.00
X16 564.142 0.000 0.035 -0.07 0.00 0.00
X17 594.200 0.000 -0.016 -0.14 0.00 0.00
Y17 596.519 0.008 0.000 0.03 0.00 0.00
