Y0 42.792 -0.027 0.000 0.170 0.000 0.000
X0 44.605 0.000 -0.025 -0.225 0.000 0.000
X1 74.372 0.000 -0.033 -0.232 0.000 0.000
Y1 76.818 -0.124 0.000 -0.254 0.000 0.000
Y2 106.483 0.090 0.000 1.276 0.000 0.000
X2 108.867 0.000 0.025 0.268 0.000 0.000
X3 139.609 0.000 0.029 0.147 0.000 0.000
Y3 142.121 -0.098 0.000 -0.574 0.000 0.000
Y4 172.780 -0.095 0.000 -0.279 0.000 0.000
X4 175.101 0.000 0.023 -0.107 0.000 0.000
X5 205.724 0.000 0.042 -0.246 0.000 0.000
Y5 208.274 -0.051 0.000 -0.199 0.000 0.000
Y6 238.813 0.241 0.000 -0.361 0.000 0.000
X6 241.270 0.000 0.007 -0.041 0.000 0.000
X7 271.173 0.000 -0.006 0.261 0.000 0.000
Y7 273.571 0.133 0.000 -0.163 0.000 0.000
Y8 303.536 0.127 0.000 -0.285 0.000 0.000
X8 305.849 0.000 -0.035 0.056 0.000 0.000
X9 335.772 0.000 -0.021 -0.445 0.000 0.000
Y9 338.107 0.072 0.000 0.520 0.000 0.000
Y10 368.066 0.028 0.000 0.618 0.000 0.000
X10 370.543 0.000 -0.004 0.154 0.000 0.000
X11 400.420 0.000 -0.025 0.097 0.000 0.000
Y11 402.724 -0.105 0.000 -0.413 0.000 0.000
Y12 432.660 -0.117 0.000 -0.182 0.000 0.000
X12 435.199 0.000 -0.026 0.128 0.000 0.000
X13 465.220 0.000 -0.001 -0.038 0.000 0.000
Y13 467.331 -0.101 0.000 0.186 0.000 0.000
Y14 497.302 -0.112 0.000 0.082 0.000 0.000
X14 499.674 0.000 -0.032 -0.024 0.000 0.000
X15 529.696 0.000 0.116 0.334 0.000 0.000
Y15 531.893 0.123 0.000 -0.345 0.000 0.000
Y16 561.726 0.118 0.000 -0.118 0.000 0.000
X16 564.195 0.000 0.007 -0.288 0.000 0.000
X17 594.247 0.000 -0.042 0.202 0.000 0.000
Y17 596.620 -0.102 0.000 0.314 0.000 0.000
