Y0 42.537 -0.029 0.000 -0.08 0.00 0.00
X0 44.625 0.000 0.020 -0.30 0.00 0.00
X1 74.512 0.000 0.019 -0.12 0.00 0.00
Y1 76.603 -0.036 0.000 -0.09 0.00 0.00
Y2 106.454 -0.016 0.000 0.02 0.00 0.00
X2 108.883 0.000 0.004 0.12 0.00 0.00
X3 139.639 0.000 -0.009 -0.01 0.00 0.00
Y3 141.876 -0.002 0.000 -0.10 0.00 0.00
Y4 172.728 0.029 0.000 -0.02 0.00 0.00
X4 175.096 0.000 0.025 -0.19 0.00 0.00
X5 205.795 0.000 0.014 -0.06 0.00 0.00
Y5 208.259 0.015 0.000 0.11 0.00 0.00
Y6 238.961 0.047 0.000 0.22 0.00 0.00
X6 241.281 0.000 0.026 -0.16 0.00 0.00
X7 271.293 0.000 -0.003 -0.19 0.00 0.00
Y7 273.554 0.071 0.000 0.30 0.00 0.00
Y8 303.530 -0.034 0.000 -0.37 0.00 0.00
X8 305.864 0.000 -0.022 0.25 0.00 0.00
X9 335.824 0.000 -0.045 0.10 0.00 0.00
Y9 338.163 0.007 0.000 -0.02 0.00 0.00
Y10 368.186 0.051 0.000 -0.05 0.00 0.00
X10 370.467 0.000 -0.056 0.12 0.00 0.00
X11 400.387 0.000 -0.038 -0.18 0.00 0.00
Y11 402.770 -0.017 0.000 0.09 0.00 0.00
Y12 432.847 -0.066 0.000 -0.01 0.00 0.00
X12 435.064 0.000 -0.058 0.27 0.00 0.00
X13 465.023 0.000 -0.072 0.39 0.00 0.00
Y13 467.353 -0.023 0.000 -0.01 0.00 0.00
Y14 497.310 0.011 0.000 0.03 0.00 0.00
X14 499.623 0.000 0.072 -0.15 0.00 0.00
X15 529.656 0.000 0.076 0.17 0.00 0.00
Y15 532.027 -0.017 0.000 -0.32 0.00 0.00
Y16 562.024 -0.017 0.000 -0.07 0.00 0.00
X16 564.260 0.000 0.060 0.01 0.00 0.00
X17 594.243 0.000 -0.013 -0.00 0.00 0.00
Y17 596.428 0.027 0.000 0.44 0.00 0.00
