Y0 42.623 -0.030 0.000 0.40 0.00 0.00
X0 44.670 0.000 -0.031 0.18 0.00 0.00
X1 74.472 0.000 -0.039 0.07 0.00 0.00
Y1 76.629 -0.014 0.000 -0.29 0.00 0.00
Y2 106.514 -0.004 0.000 -0.10 0.00 0.00
X2 108.937 0.000 0.023 -0.09 0.00 0.00
X3 139.632 0.000 0.055 -0.04 0.00 0.00
Y3 141.953 -0.033 0.000 -0.03 0.00 0.00
Y4 172.576 0.030 0.000 0.08 0.00 0.00
X4 175.147 0.000 -0.003 -0.08 0.00 0.00
X5 205.890 0.000 -0.002 0.20 0.00 0.00
Y5 208.165 -0.005 0.000 -0.04 0.00 0.00
Y6 239.002 -0.014 0.000 0.18 0.00 0.00
X6 241.276 0.000 -0.015 0.07 0.00 0.00
X7 271.120 0.000 0.022 -0.05 0.00 0.00
Y7 273.609 -0.087 0.000 0.11 0.00 0.00
Y8 303.479 0.392 0.000 0.15 0.00 0.00
X8 305.938 0.000 0.043 -0.35 0.00 0.00
X9 335.823 0.000 0.041 -0.15 0.00 0.00
Y9 338.137 -0.011 0.000 0.00 0.00 0.00
Y10 368.120 -0.054 0.000 -0.32 0.00 0.00
X10 370.321 0.000 -0.050 -0.13 0.00 0.00
X11 400.236 0.000 -0.038 0.24 0.00 0.00
Y11 402.795 -0.064 0.000 -0.31 0.00 0.00
Y12 432.690 -0.064 0.000 -0.21 0.00 0.00
X12 435.091 0.000 -0.017 0.08 0.00 0.00
X13 465.035 0.000 -0.000 0.09 0.00 0.00
Y13 467.375 -0.090 0.000 -0.05 0.00 0.00
Y14 497.357 -0.062 0.000 0.09 0.00 0.00
X14 499.732 0.000 -0.009 0.01 0.00 0.00
X15 529.602 0.000 -0.013 0.03 0.00 0.00
Y15 531.973 0.048 0.000 0.14 0.00 0.00
Y16 561.935 0.026 0.000 0.08 0.00 0.00
X16 564.285 0.000 0.025 -0.15 0.00 0.00
X17 594.329 0.000 0.008 0.11 0.00 0.00
Y17 596.679 0.036 0.000 0.05 0.00 0.00
