Y0 42.606 -0.013 0.000 0.31 0.00 0.00
X0 44.636 0.000 -0.023 0.01 0.00 0.00
X1 74.495 0.000 -0.040 0.24 0.00 0.00
Y1 76.658 0.062 0.000 0.25 0.00 0.00
Y2 106.496 -0.041 0.000 0.21 0.00 0.00
X2 108.886 0.000 0.016 -0.09 0.00 0.00
X3 139.665 0.000 0.009 0.17 0.00 0.00
Y3 141.889 -0.000 0.000 -0.19 0.00 0.00
Y4 172.671 -0.019 0.000 -0.14 0.00 0.00
X4 175.082 0.000 -0.025 0.18 0.00 0.00
X5 205.780 0.000 -0.014 0.04 0.00 0.00
Y5 208.150 -0.004 0.000 -0.31 0.00 0.00
Y6 238.980 0.035 0.000 -0.11 0.00 0.00
X6 241.317 0.000 0.044 -0.05 0.00 0.00
X7 271.190 0.000 0.018 0.14 0.00 0.00
Y7 273.545 0.037 0.000 -0.11 0.00 0.00
Y8 303.538 0.000 0.000 -0.17 0.00 0.00
X8 305.904 0.000 0.010 0.05 0.00 0.00
X9 335.817 0.000 0.029 -0.16 0.00 0.00
Y9 338.162 -0.109 0.000 -0.19 0.00 0.00
Y10 368.184 -0.096 0.000 -0.35 0.00 0.00
X10 370.516 0.000 0.020 -0.03 0.00 0.00
X11 400.334 0.000 0.002 0.02 0.00 0.00
Y11 402.734 -0.067 0.000 -0.21 0.00 0.00
Y12 432.674 0.264 0.000 1.35 0.00 0.00
X12 435.086 0.000 -0.025 -0.18 0.00 0.00
X13 465.017 0.000 -0.006 0.22 0.00 0.00
Y13 467.403 0.015 0.000 -0.03 0.00 0.00
Y14 497.357 -0.003 0.000 -0.08 0.00 0.00
X14 499.676 0.000 0.050 -0.19 0.00 0.00
X15 529.703 0.000 0.053 -0.23 0.00 0.00
Y15 531.981 -0.002 0.000 -0.02 0.00 0.00
Y16 561.889 -0.037 0.000 -0.16 0.00 0.00
X16 564.283 0.000 -0.092 -0.26 0.00 0.00
X17 594.149 0.000 -0.027 0.15 0.00 0.00
Y17 596.695 -0.021 0.000 -0.13 0.00 0.00
