Y0 42.520 0.080 0.000 0.32 0.00 0.00
X0 44.678 0.000 0.017 -0.16 0.00 0.00
X1 74.537 0.000 -0.004 0.07 0.00 0.00
Y1 76.656 -0.024 0.000 -0.11 0.00 0.00
Y2 106.501 0.001 0.000 0.13 0.00 0.00
X2 108.903 0.000 -0.105 0.43 0.00 0.00
X3 139.755 0.000 0.018 0.23 0.00 0.00
Y3 141.946 -0.035 0.000 0.13 0.00 0.00
Y4 172.723 -0.008 0.000 0.28 0.00 0.00
X4 174.992 0.000 0.053 -0.16 0.00 0.00
X5 205.914 0.000 0.011 0.01 0.00 0.00
Y5 208.139 0.021 0.000 -0.07 0.00 0.00
Y6 238.910 0.006 0.000 0.06 0.00 0.00
X6 241.147 0.000 0.024 0.17 0.00 0.00
X7 271.052 0.000 -0.058 0.13 0.00 0.00
Y7 273.615 0.007 0.000 0.01 0.00 0.00
Y8 303.528 0.026 0.000 -0.10 0.00 0.00
X8 305.831 0.000 0.053 -0.17 0.00 0.00
X9 335.869 0.000 0.047 -0.08 0.00 0.00
Y9 338.111 -0.055 0.000 -0.18 0.00 0.00
Y10 368.144 -0.065 0.000 -0.17 0.00 0.00
X10 370.494 0.000 0.019 -0.21 0.00 0.00
X11 400.474 0.000 -0.003 0.08 0.00 0.00
Y11 402.816 -0.023 0.000 -0.25 0.00 0.00
Y12 432.784 -0.038 0.000 -0.05 0.00 0.00
X12 434.995 0.000 -0.029 -0.06 0.00 0.00
X13 465.043 0.000 -0.022 0.06 0.00 0.00
Y13 467.345 0.036 0.000 0.03 0.00 0.00
Y14 497.374 0.008 0.000 0.01 0.00 0.00
X14 499.668 0.000 -0.055 0.13 0.00 0.00
X15 529.610 0.000 -0.031 0.05 0.00 0.00
Y15 531.972 0.001 0.000 -0.20 0.00 0.00
Y16 561.985 0.017 0.000 0.00 0.00 0.00
X16 564.279 0.000 0.028 -0.16 0.00 0.00
X17 594.295 0.000 0.030 -0.28 0.00 0.00
Y17 596.543 0.046 0.000 0.09 0.00 0.00
