Y0 42.583 -0.103 0.000 0.199 0.000 0.000
X0 44.601 0.000 0.066 -0.191 0.000 0.000
X1 74.371 0.000 0.045 -0.142 0.000 0.000
Y1 76.816 -0.062 0.000 -0.198 0.000 0.000
Y2 106.500 -0.114 0.000 1.308 0.000 0.000
X2 108.901 0.000 -0.031 0.181 0.000 0.000
X3 139.663 0.000 -0.025 0.068 0.000 0.000
Y3 142.034 -0.013 0.000 -0.601 0.000 0.000
Y4 172.738 -0.048 0.000 -0.362 0.000 0.000
X4 175.111 0.000 0.109 -0.094 0.000 0.000
X5 205.742 0.000 0.125 -0.181 0.000 0.000
Y5 208.305 -0.048 0.000 -0.120 0.000 0.000
Y6 238.853 0.281 0.000 -0.329 0.000 0.000
X6 241.311 0.000 -0.019 -0.006 0.000 0.000
X7 271.210 0.000 -0.119 0.354 0.000 0.000
Y7 273.601 0.098 0.000 -0.076 0.000 0.000
Y8 303.578 0.112 0.000 -0.184 0.000 0.000
X8 305.909 0.000 0.036 0.033 0.000 0.000
X9 335.828 0.000 0.118 -0.451 0.000 0.000
Y9 338.125 -0.053 0.000 0.541 0.000 0.000
Y10 368.086 -0.109 0.000 0.656 0.000 0.000
X10 370.570 0.000 -0.091 0.109 0.000 0.000
X11 400.435 0.000 -0.128 0.067 0.000 0.000
Y11 402.750 -0.022 0.000 -0.380 0.000 0.000
Y12 432.684 -0.077 0.000 -0.121 0.000 0.000
X12 435.148 0.000 0.012 0.123 0.000 0.000
X13 465.163 0.000 0.064 -0.116 0.000 0.000
Y13 467.355 -0.115 0.000 0.211 0.000 0.000
Y14 497.319 -0.108 0.000 0.136 0.000 0.000
X14 499.604 0.000 -0.001 -0.011 0.000 0.000
X15 529.618 0.000 0.087 0.251 0.000 0.000
Y15 531.987 0.164 0.000 -0.388 0.000 0.000
Y16 561.824 0.120 0.000 -0.106 0.000 0.000
X16 564.170 0.000 -0.117 -0.090 0.000 0.000
X17 594.221 0.000 -0.275 0.361 0.000 0.000
Y17 596.665 -0.123 0.000 0.399 0.000 0.000
