Y0 42.581 0.101 0.000 0.41 0.00 0.00
X0 44.579 0.000 0.044 -0.21 0.00 0.00
X1 74.451 0.000 0.033 0.35 0.00 0.00
Y1 76.572 -0.003 0.000 0.01 0.00 0.00
Y2 106.389 -0.064 0.000 0.07 0.00 0.00
X2 108.877 0.000 0.001 0.10 0.00 0.00
X3 139.699 0.000 -0.007 0.45 0.00 0.00
Y3 142.017 -0.074 0.000 -0.16 0.00 0.00
Y4 172.792 -0.039 0.000 0.40 0.00 0.00
X4 175.113 0.000 -0.057 -0.32 0.00 0.00
X5 205.959 0.000 -0.047 0.10 0.00 0.00
Y5 208.171 -0.003 0.000 -0.19 0.00 0.00
Y6 239.011 0.018 0.000 0.10 0.00 0.00
X6 241.184 0.000 -0.017 -0.18 0.00 0.00
X7 271.346 0.000 -0.018 0.12 0.00 0.00
Y7 273.470 0.026 0.000 -0.14 0.00 0.00
Y8 303.571 0.034 0.000 0.14 0.00 0.00
X8 305.789 0.000 0.017 0.08 0.00 0.00
X9 335.912 0.000 -0.030 0.21 0.00 0.00
Y9 338.063 0.037 0.000 -0.04 0.00 0.00
Y10 368.260 0.004 0.000 0.07 0.00 0.00
X10 370.341 0.000 -0.013 -0.27 0.00 0.00
X11 400.418 0.000 0.008 0.13 0.00 0.00
Y11 402.741 0.030 0.000 0.06 0.00 0.00
Y12 432.724 -0.020 0.000 0.27 0.00 0.00
X12 434.970 0.000 0.069 -0.34 0.00 0.00
X13 465.088 0.000 0.064 0.02 0.00 0.00
Y13 467.281 -0.053 0.000 -0.06 0.00 0.00
Y14 497.416 -0.065 0.000 0.30 0.00 0.00
X14 499.655 0.000 0.008 -0.17 0.00 0.00
X15 529.747 0.000 -0.005 0.02 0.00 0.00
Y15 531.991 0.031 0.000 -0.48 0.00 0.00
Y16 562.008 0.050 0.000 -0.11 0.00 0.00
X16 564.196 0.000 -0.009 0.04 0.00 0.00
X17 594.212 0.000 -0.042 -0.10 0.00 0.00
Y17 596.552 -0.012 0.000 -0.63 0.00 0.00
