Y0 42.618 0.003 0.000 0.37 0.00 0.00
X0 44.560 0.000 0.026 -0.06 0.00 0.00
X1 74.463 0.000 0.025 0.05 0.00 0.00
Y1 76.562 -0.049 0.000 0.11 0.00 0.00
Y2 106.388 -0.038 0.000 -0.05 0.00 0.00
X2 108.969 0.000 -0.040 -0.28 0.00 0.00
X3 139.825 0.000 -0.016 0.08 0.00 0.00
Y3 141.986 0.032 0.000 -0.06 0.00 0.00
Y4 172.793 0.050 0.000 0.07 0.00 0.00
X4 175.102 0.000 0.047 0.08 0.00 0.00
X5 205.867 0.000 0.057 0.24 0.00 0.00
Y5 208.222 0.023 0.000 0.02 0.00 0.00
Y6 239.053 0.016 0.000 0.16 0.00 0.00
X6 241.134 0.000 -0.015 0.32 0.00 0.00
X7 271.046 0.000 -0.087 0.25 0.00 0.00
Y7 273.527 -0.032 0.000 -0.02 0.00 0.00
Y8 303.504 0.059 0.000 -0.16 0.00 0.00
X8 305.914 0.000 0.022 -0.41 0.00 0.00
X9 335.874 0.000 0.044 -0.15 0.00 0.00
Y9 338.050 -0.030 0.000 -0.34 0.00 0.00
Y10 368.056 -0.049 0.000 0.04 0.00 0.00
X10 370.552 0.000 -0.042 0.09 0.00 0.00
X11 400.553 0.000 -0.075 0.26 0.00 0.00
Y11 402.796 0.006 0.000 -0.06 0.00 0.00
Y12 432.712 0.034 0.000 0.22 0.00 0.00
X12 434.969 0.000 -0.028 -0.23 0.00 0.00
X13 464.920 0.000 0.014 0.08 0.00 0.00
Y13 467.335 0.018 0.000 -0.04 0.00 0.00
Y14 497.399 0.002 0.000 0.19 0.00 0.00
X14 499.439 0.000 -0.002 0.14 0.00 0.00
X15 529.689 0.000 0.001 -0.29 0.00 0.00
Y15 532.000 -0.034 0.000 -0.39 0.00 0.00
Y16 562.032 -0.096 0.000 -0.18 0.00 0.00
X16 564.314 0.000 -0.007 0.09 0.00 0.00
X17 594.346 0.000 0.075 -0.22 0.00 0.00
Y17 596.577 0.084 0.000 0.13 0.00 0.00
