Y0 42.528 -0.001 0.000 0.31 0.00 0.00
X0 44.646 0.000 0.034 -0.20 0.00 0.00
X1 74.496 0.000 -0.014 0.16 0.00 0.00
Y1 76.641 -0.006 0.000 -0.19 0.00 0.00
Y2 106.472 0.023 0.000 0.03 0.00 0.00
X2 108.867 0.000 0.026 -0.16 0.00 0.00
X3 139.721 0.000 0.038 0.34 0.00 0.00
Y3 141.912 -0.007 0.000 -0.27 0.00 0.00
Y4 172.798 -0.008 0.000 0.14 0.00 0.00
X4 175.105 0.000 -0.010 -0.29 0.00 0.00
X5 205.865 0.000 -0.015 0.14 0.00 0.00
Y5 208.127 0.021 0.000 -0.37 0.00 0.00
Y6 238.878 0.022 0.000 0.49 0.00 0.00
X6 241.219 0.000 -0.055 0.18 0.00 0.00
X7 271.219 0.000 -0.077 0.43 0.00 0.00
Y7 273.513 0.030 0.000 -0.09 0.00 0.00
Y8 303.669 0.032 0.000 0.23 0.00 0.00
X8 305.779 0.000 -0.006 -0.18 0.00 0.00
X9 335.795 0.000 -0.008 0.28 0.00 0.00
Y9 338.125 -0.107 0.000 -0.39 0.00 0.00
Y10 368.207 -0.073 0.000 -0.26 0.00 0.00
X10 370.457 0.000 0.032 -0.35 0.00 0.00
X11 400.473 0.000 0.008 0.16 0.00 0.00
Y11 402.739 0.075 0.000 -0.01 0.00 0.00
Y12 432.827 0.043 0.000 0.19 0.00 0.00
X12 435.080 0.000 0.025 -0.17 0.00 0.00
X13 465.038 0.000 0.005 0.23 0.00 0.00
Y13 467.369 -0.090 0.000 -0.24 0.00 0.00
Y14 497.341 -0.075 0.000 0.15 0.00 0.00
X14 499.647 0.000 0.012 -0.48 0.00 0.00
X15 529.576 0.000 0.038 -0.02 0.00 0.00
Y15 531.914 0.057 0.000 -0.31 0.00 0.00
Y16 562.056 0.027 0.000 0.00 0.00 0.00
X16 564.219 0.000 -0.009 -0.12 0.00 0.00
X17 594.335 0.000 -0.024 -0.03 0.00 0.00
Y17 596.496 0.036 0.000 0.57 0.00 0.00
