Y0 42.544 -0.023 0.000 0.306 0.000 0.000
X0 44.539 0.000 -0.017 -0.212 0.000 0.000
X1 74.331 0.000 -0.029 -0.172 0.000 0.000
Y1 76.778 -0.071 0.000 -0.248 0.000 0.000
Y2 106.487 0.130 0.000 1.284 0.000 0.000
X2 108.885 0.000 -0.033 0.113 0.000 0.000
X3 139.663 0.000 -0.036 -0.014 0.000 0.000
Y3 142.008 -0.106 0.000 -0.656 0.000 0.000
Y4 172.723 -0.107 0.000 -0.386 0.000 0.000
X4 175.108 0.000 0.071 -0.093 0.000 0.000
X5 205.747 0.000 0.078 -0.224 0.000 0.000
Y5 208.289 -0.064 0.000 -0.211 0.000 0.000
Y6 238.833 0.230 0.000 -0.409 0.000 0.000
X6 241.306 0.000 -0.025 0.070 0.000 0.000
X7 271.196 0.000 -0.059 0.398 0.000 0.000
Y7 273.574 0.096 0.000 -0.064 0.000 0.000
Y8 303.570 0.087 0.000 -0.141 0.000 0.000
X8 305.895 0.000 0.044 0.021 0.000 0.000
X9 335.823 0.000 0.050 -0.470 0.000 0.000
Y9 338.109 0.036 0.000 0.489 0.000 0.000
Y10 368.083 -0.004 0.000 0.588 0.000 0.000
X10 370.551 0.000 -0.061 0.078 0.000 0.000
X11 400.423 0.000 -0.101 0.032 0.000 0.000
Y11 402.756 -0.097 0.000 -0.493 0.000 0.000
Y12 432.683 -0.103 0.000 -0.208 0.000 0.000
X12 435.155 0.000 0.063 0.112 0.000 0.000
X13 465.168 0.000 0.078 -0.086 0.000 0.000
Y13 467.364 -0.073 0.000 0.249 0.000 0.000
Y14 497.326 -0.075 0.000 0.111 0.000 0.000
X14 499.626 0.000 0.029 -0.014 0.000 0.000
X15 529.651 0.000 0.169 0.226 0.000 0.000
Y15 531.986 0.098 0.000 -0.437 0.000 0.000
Y16 561.834 0.105 0.000 -0.135 0.000 0.000
X16 564.204 0.000 -0.075 -0.132 0.000 0.000
X17 594.263 0.000 -0.149 0.362 0.000 0.000
Y17 596.664 -0.059 0.000 0.366 0.000 0.000
