Y0 42.611 0.059 0.000 0.26 0.00 0.00
X0 44.572 0.000 -0.005 -0.07 0.00 0.00
X1 74.507 0.000 -0.030 0.01 0.00 0.00
Y1 76.585 -0.028 0.000 -0.19 0.00 0.00
Y2 106.389 -0.010 0.000 -0.21 0.00 0.00
X2 108.870 0.000 0.003 0.08 0.00 0.00
X3 139.615 0.000 -0.022 0.40 0.00 0.00
Y3 141.944 -0.051 0.000 0.15 0.00 0.00
Y4 172.737 -0.033 0.000 0.14 0.00 0.00
X4 175.103 0.000 0.027 -0.04 0.00 0.00
X5 205.868 0.000 0.018 0.18 0.00 0.00
Y5 208.150 0.035 0.000 -0.19 0.00 0.00
Y6 238.901 0.069 0.000 -0.20 0.00 0.00
X6 241.359 0.000 -0.025 0.05 0.00 0.00
X7 271.241 0.000 0.005 -0.04 0.00 0.00
Y7 273.599 -0.054 0.000 -0.24 0.00 0.00
Y8 303.536 -0.048 0.000 -0.14 0.00 0.00
X8 305.900 0.000 0.066 -0.23 0.00 0.00
X9 335.874 0.000 0.018 -0.27 0.00 0.00
Y9 338.214 0.003 0.000 0.13 0.00 0.00
Y10 368.166 -0.004 0.000 0.05 0.00 0.00
X10 370.380 0.000 -0.050 0.18 0.00 0.00
X11 400.416 0.000 -0.026 0.12 0.00 0.00
Y11 402.865 0.081 0.000 0.01 0.00 0.00
Y12 432.768 0.052 0.000 0.02 0.00 0.00
X12 435.036 0.000 0.027 0.11 0.00 0.00
X13 465.042 0.000 0.014 0.05 0.00 0.00
Y13 467.371 -0.038 0.000 0.13 0.00 0.00
Y14 497.333 -0.059 0.000 -0.05 0.00 0.00
X14 499.672 0.000 0.028 -0.29 0.00 0.00
X15 529.587 0.000 -0.001 -0.28 0.00 0.00
Y15 531.979 0.030 0.000 -0.10 0.00 0.00
Y16 561.958 0.033 0.000 0.21 0.00 0.00
X16 564.254 0.000 -0.016 0.07 0.00 0.00
X17 594.240 0.000 -0.032 -0.10 0.00 0.00
Y17 596.505 -0.037 0.000 0.18 0.00 0.00
