Y0 42.957 +0.021 +0.000 +0.329 +0.000 +0.000
X0 44.426 +0.000 +0.056 -0.124 +0.000 +0.000
X1 74.236 +0.000 +0.040 -0.127 +0.000 +0.000
Y1 77.127 -0.036 +0.000 -0.208 +0.000 +0.000
Y2 106.823 +0.170 +0.000 +1.284 +0.000 +0.000
X2 108.725 +0.000 +0.025 +0.146 +0.000 +0.000
X3 139.526 +0.000 +0.013 +0.013 +0.000 +0.000
Y3 142.286 -0.071 +0.000 -0.728 +0.000 +0.000
Y4 172.975 -0.081 +0.000 -0.380 +0.000 +0.000
X4 174.938 +0.000 +0.098 -0.124 +0.000 +0.000
X5 205.598 +0.000 +0.103 -0.217 +0.000 +0.000
Y5 208.477 -0.040 +0.000 -0.181 +0.000 +0.000
Y6 239.041 +0.242 +0.000 -0.384 +0.000 +0.000
X6 241.149 +0.000 -0.006 +0.015 +0.000 +0.000
X7 271.090 +0.000 -0.040 +0.342 +0.000 +0.000
Y7 273.715 +0.093 +0.000 -0.011 +0.000 +0.000
Y8 303.695 +0.079 +0.000 -0.140 +0.000 +0.000
X8 305.718 +0.000 +0.062 +0.040 +0.000 +0.000
X9 335.718 +0.000 +0.057 -0.452 +0.000 +0.000
Y9 338.190 +0.023 +0.000 +0.455 +0.000 +0.000
Y10 368.163 -0.023 +0.000 +0.577 +0.000 +0.000
X10 370.428 +0.000 -0.054 +0.020 +0.000 +0.000
X11 400.339 +0.000 -0.099 -0.031 +0.000 +0.000
Y11 402.774 -0.120 +0.000 -0.435 +0.000 +0.000
Y12 432.720 -0.136 +0.000 -0.178 +0.000 +0.000
X12 435.029 +0.000 +0.050 +0.078 +0.000 +0.000
X13 465.096 +0.000 +0.063 -0.157 +0.000 +0.000
Y13 467.338 -0.124 +0.000 +0.197 +0.000 +0.000
Y14 497.323 -0.135 +0.000 +0.125 +0.000 +0.000
X14 499.473 +0.000 +0.006 -0.010 +0.000 +0.000
X15 529.584 +0.000 +0.143 +0.263 +0.000 +0.000
Y15 531.906 +0.024 +0.000 -0.407 +0.000 +0.000
Y16 561.756 +0.020 +0.000 -0.140 +0.000 +0.000
X16 564.092 +0.000 -0.104 -0.141 +0.000 +0.000
X17 594.192 +0.000 -0.180 +0.313 +0.000 +0.000
Y17 596.518 -0.157 +0.000 +0.372 +0.000 +0.000
