Y0 42.676 -0.024 0.000 0.568 0.000 0.000
X0 44.627 0.000 -0.036 -0.259 0.000 0.000
X1 74.442 0.000 -0.042 -0.151 0.000 0.000
Y1 76.689 -0.012 0.000 -0.403 0.000 0.000
Y2 106.568 -0.007 0.000 -0.188 0.000 0.000
X2 108.910 0.000 0.027 0.184 0.000 0.000
X3 139.624 0.000 0.057 0.089 0.000 0.000
Y3 142.003 -0.033 0.000 0.090 0.000 0.000
Y4 172.628 0.024 0.000 0.152 0.000 0.000
X4 175.151 0.000 0.001 0.049 0.000 0.000
X5 205.901 0.000 0.001 -0.193 0.000 0.000
Y5 208.194 -0.008 0.000 -0.098 0.000 0.000
Y6 239.027 -0.013 0.000 0.124 0.000 0.000
X6 241.290 0.000 -0.014 -0.083 0.000 0.000
X7 271.137 0.000 0.023 0.008 0.000 0.000
Y7 273.620 -0.086 0.000 0.084 0.000 0.000
Y8 303.481 0.392 0.000 0.178 0.000 0.000
X8 305.954 0.000 0.041 0.371 0.000 0.000
X9 335.845 0.000 0.040 0.151 0.000 0.000
Y9 338.115 -0.011 0.000 -0.001 0.000 0.000
Y10 368.101 -0.050 0.000 -0.196 0.000 0.000
X10 370.332 0.000 -0.049 0.054 0.000 0.000
X11 400.258 0.000 -0.035 -0.221 0.000 0.000
Y11 402.767 -0.063 0.000 -0.235 0.000 0.000
Y12 432.662 -0.064 0.000 -0.175 0.000 0.000
X12 435.100 0.000 -0.020 0.014 0.000 0.000
X13 465.041 0.000 0.001 -0.053 0.000 0.000
Y13 467.345 -0.087 0.000 0.010 0.000 0.000
Y14 497.322 -0.064 0.000 0.081 0.000 0.000
X14 499.735 0.000 -0.011 0.065 0.000 0.000
X15 529.597 0.000 -0.017 -0.048 0.000 0.000
Y15 531.921 0.049 0.000 0.095 0.000 0.000
Y16 561.873 0.026 0.000 0.050 0.000 0.000
X16 564.275 0.000 0.023 0.103 0.000 0.000
X17 594.310 0.000 0.012 -0.088 0.000 0.000
Y17 596.620 0.034 0.000 -0.133 0.000 0.000
