Y0 42.430 0.029 0.000 0.05 0.00 0.00
X0 44.670 0.000 0.043 -0.13 0.00 0.00
X1 74.468 0.000 0.026 0.13 0.00 0.00
Y1 76.602 -0.042 0.000 -0.25 0.00 0.00
Y2 106.446 -0.031 0.000 -0.13 0.00 0.00
X2 108.891 0.000 -0.010 -0.41 0.00 0.00
X3 139.664 0.000 -0.012 -0.19 0.00 0.00
Y3 141.960 -0.008 0.000 -0.09 0.00 0.00
Y4 172.777 0.020 0.000 0.23 0.00 0.00
X4 175.067 0.000 -0.017 0.04 0.00 0.00
X5 205.914 0.000 -0.009 0.03 0.00 0.00
Y5 208.224 0.039 0.000 -0.20 0.00 0.00
Y6 239.036 0.054 0.000 -0.07 0.00 0.00
X6 241.224 0.000 -0.062 -0.15 0.00 0.00
X7 271.236 0.000 -0.048 0.27 0.00 0.00
Y7 273.605 -0.034 0.000 0.04 0.00 0.00
Y8 303.496 -0.039 0.000 -0.07 0.00 0.00
X8 305.814 0.000 0.023 0.17 0.00 0.00
X9 335.829 0.000 -0.010 0.22 0.00 0.00
Y9 338.183 0.025 0.000 0.01 0.00 0.00
Y10 368.197 0.020 0.000 0.06 0.00 0.00
X10 370.448 0.000 0.071 -0.04 0.00 0.00
X11 400.460 0.000 0.031 0.03 0.00 0.00
Y11 402.828 -0.006 0.000 0.12 0.00 0.00
Y12 432.728 -0.016 0.000 0.04 0.00 0.00
X12 434.980 0.000 0.032 -0.07 0.00 0.00
X13 465.115 0.000 -0.026 0.08 0.00 0.00
Y13 467.291 0.016 0.000 0.12 0.00 0.00
Y14 497.350 -0.055 0.000 0.08 0.00 0.00
X14 499.559 0.000 -0.045 0.12 0.00 0.00
X15 529.617 0.000 -0.055 0.24 0.00 0.00
Y15 531.924 -0.000 0.000 -0.01 0.00 0.00
Y16 561.921 -0.003 0.000 0.05 0.00 0.00
X16 564.283 0.000 0.040 -0.22 0.00 0.00
X17 594.296 0.000 0.028 -0.20 0.00 0.00
Y17 596.613 0.031 0.000 0.01 0.00 0.00
