Y0 42.600 0.073 0.000 0.43 0.00 0.00
X0 44.651 0.000 -0.072 0.20 0.00 0.00
X1 74.420 0.000 -0.054 0.25 0.00 0.00
Y1 76.686 -0.044 0.000 -0.04 0.00 0.00
Y2 106.485 -0.055 0.000 -0.18 0.00 0.00
X2 108.941 0.000 0.063 -0.34 0.00 0.00
X3 139.747 0.000 0.046 -0.21 0.00 0.00
Y3 141.914 0.001 0.000 -0.18 0.00 0.00
Y4 172.682 0.008 0.000 0.04 0.00 0.00
X4 175.131 0.000 0.023 -0.16 0.00 0.00
X5 205.909 0.000 0.013 0.07 0.00 0.00
Y5 208.207 0.001 0.000 0.14 0.00 0.00
Y6 238.879 0.018 0.000 -0.04 0.00 0.00
X6 241.205 0.000 0.014 -0.17 0.00 0.00
X7 271.275 0.000 0.000 -0.09 0.00 0.00
Y7 273.497 -0.000 0.000 -0.03 0.00 0.00
Y8 303.536 -0.026 0.000 -0.07 0.00 0.00
X8 305.705 0.000 -0.045 0.06 0.00 0.00
X9 335.778 0.000 -0.028 0.06 0.00 0.00
Y9 338.169 0.072 0.000 0.16 0.00 0.00
Y10 368.143 0.080 0.000 -0.01 0.00 0.00
X10 370.396 0.000 0.063 -0.03 0.00 0.00
X11 400.424 0.000 0.032 -0.15 0.00 0.00
Y11 402.724 0.043 0.000 0.15 0.00 0.00
Y12 432.737 0.036 0.000 -0.10 0.00 0.00
X12 435.054 0.000 0.020 0.09 0.00 0.00
X13 464.985 0.000 -0.024 0.20 0.00 0.00
Y13 467.342 -0.366 0.000 -0.14 0.00 0.00
Y14 497.444 -0.013 0.000 -0.12 0.00 0.00
X14 499.639 0.000 -0.020 -0.15 0.00 0.00
X15 529.696 0.000 -0.021 0.28 0.00 0.00
Y15 531.999 0.040 0.000 0.01 0.00 0.00
Y16 562.032 0.049 0.000 -0.15 0.00 0.00
X16 564.246 0.000 0.001 0.12 0.00 0.00
X17 594.335 0.000 -0.010 0.03 0.00 0.00
Y17 596.534 0.084 0.000 0.14 0.00 0.00
