Y0 42.781 -0.026 0.000 0.344 0.000 0.000
X0 44.819 0.000 0.002 -0.158 0.000 0.000
X1 74.574 0.000 -0.006 -0.115 0.000 0.000
Y1 76.976 -0.080 0.000 -0.246 0.000 0.000
Y2 106.655 0.130 0.000 1.298 0.000 0.000
X2 109.088 0.000 -0.029 0.138 0.000 0.000
X3 139.814 0.000 -0.039 0.037 0.000 0.000
Y3 142.150 -0.105 0.000 -0.651 0.000 0.000
Y4 172.821 -0.107 0.000 -0.410 0.000 0.000
X4 175.219 0.000 0.055 -0.106 0.000 0.000
X5 205.815 0.000 0.068 -0.234 0.000 0.000
Y5 208.357 -0.056 0.000 -0.164 0.000 0.000
Y6 238.893 0.232 0.000 -0.393 0.000 0.000
X6 241.351 0.000 -0.035 -0.005 0.000 0.000
X7 271.227 0.000 -0.068 0.354 0.000 0.000
Y7 273.604 0.091 0.000 -0.052 0.000 0.000
Y8 303.554 0.083 0.000 -0.168 0.000 0.000
X8 305.887 0.000 0.040 0.079 0.000 0.000
X9 335.787 0.000 0.041 -0.398 0.000 0.000
Y9 338.089 0.037 0.000 0.457 0.000 0.000
Y10 368.034 0.002 0.000 0.578 0.000 0.000
X10 370.508 0.000 -0.063 0.036 0.000 0.000
X11 400.356 0.000 -0.101 -0.012 0.000 0.000
Y11 402.691 -0.089 0.000 -0.456 0.000 0.000
Y12 432.598 -0.093 0.000 -0.173 0.000 0.000
X12 435.050 0.000 0.057 0.117 0.000 0.000
X13 465.046 0.000 0.075 -0.139 0.000 0.000
Y13 467.257 -0.069 0.000 0.154 0.000 0.000
Y14 497.201 -0.073 0.000 0.106 0.000 0.000
X14 499.472 0.000 0.028 0.001 0.000 0.000
X15 529.475 0.000 0.173 0.274 0.000 0.000
Y15 531.836 0.094 0.000 -0.399 0.000 0.000
Y16 561.648 0.099 0.000 -0.146 0.000 0.000
X16 564.005 0.000 -0.064 -0.185 0.000 0.000
X17 594.041 0.000 -0.133 0.308 0.000 0.000
Y17 596.468 -0.068 0.000 0.321 0.000 0.000
