Y0 42.557 0.064 0.000 0.09 0.00 0.00
X0 44.637 0.000 0.021 0.27 0.00 0.00
X1 74.460 0.000 -0.030 -0.08 0.00 0.00
Y1 76.616 0.006 0.000 0.04 0.00 0.00
Y2 106.457 -0.028 0.000 0.07 0.00 0.00
X2 108.808 0.000 -0.001 -0.14 0.00 0.00
X3 139.607 0.000 -0.030 -0.11 0.00 0.00
Y3 141.973 -0.002 0.000 -0.17 0.00 0.00
Y4 172.743 0.035 0.000 -0.09 0.00 0.00
X4 175.053 0.000 0.030 -0.22 0.00 0.00
X5 205.891 0.000 0.052 0.02 0.00 0.00
Y5 208.170 -0.002 0.000 0.11 0.00 0.00
Y6 239.001 0.029 0.000 -0.15 0.00 0.00
X6 241.410 0.000 -0.054 0.42 0.00 0.00
X7 271.356 0.000 -0.058 0.31 0.00 0.00
Y7 273.541 -0.055 0.000 0.04 0.00 0.00
Y8 303.554 -0.007 0.000 -0.17 0.00 0.00
X8 305.850 0.000 -0.015 0.28 0.00 0.00
X9 335.809 0.000 0.004 0.11 0.00 0.00
Y9 338.088 -0.070 0.000 -0.13 0.00 0.00
Y10 368.183 -0.106 0.000 -0.17 0.00 0.00
X10 370.411 0.000 0.071 -0.04 0.00 0.00
X11 400.490 0.000 0.026 -0.14 0.00 0.00
Y11 402.717 0.056 0.000 0.15 0.00 0.00
Y12 432.749 0.028 0.000 0.10 0.00 0.00
X12 435.003 0.000 0.008 0.08 0.00 0.00
X13 464.974 0.000 0.017 0.02 0.00 0.00
Y13 467.313 0.011 0.000 0.08 0.00 0.00
Y14 497.350 -0.043 0.000 0.02 0.00 0.00
X14 499.657 0.000 0.034 -0.26 0.00 0.00
X15 529.644 0.000 -0.010 -0.10 0.00 0.00
Y15 531.958 -0.020 0.000 -0.11 0.00 0.00
Y16 562.034 0.034 0.000 -0.09 0.00 0.00
X16 564.286 0.000 -0.021 -0.21 0.00 0.00
X17 594.191 0.000 -0.045 -0.21 0.00 0.00
Y17 596.608 0.066 0.000 0.40 0.00 0.00
