Y0 42.620 -0.043 0.000 0.19 0.00 0.00
X0 44.734 0.000 -0.085 -0.16 0.00 0.00
X1 74.416 0.000 -0.097 0.20 0.00 0.00
Y1 76.770 -0.053 0.000 -0.32 0.00 0.00
Y2 106.532 -0.014 0.000 0.17 0.00 0.00
X2 108.947 0.000 0.138 0.41 0.00 0.00
X3 139.630 0.000 0.139 0.46 0.00 0.00
Y3 141.933 0.132 0.000 0.31 0.00 0.00
Y4 172.685 0.131 0.000 0.37 0.00 0.00
X4 175.038 0.000 0.129 0.33 0.00 0.00
X5 205.801 0.000 0.118 0.45 0.00 0.00
Y5 208.107 -0.075 0.000 -0.13 0.00 0.00
Y6 238.891 -0.036 0.000 -0.23 0.00 0.00
X6 241.318 0.000 -0.087 -0.07 0.00 0.00
X7 271.268 0.000 -0.079 0.07 0.00 0.00
Y7 273.536 -0.058 0.000 -0.09 0.00 0.00
Y8 303.402 -0.041 0.000 -0.06 0.00 0.00
X8 305.895 0.000 -0.072 -0.03 0.00 0.00
X9 335.790 0.000 -0.120 -0.26 0.00 0.00
Y9 338.128 0.082 0.000 -0.14 0.00 0.00
Y10 368.064 0.116 0.000 0.01 0.00 0.00
X10 370.429 0.000 -0.082 -0.05 0.00 0.00
X11 400.344 0.000 -0.105 0.12 0.00 0.00
Y11 402.788 -0.096 0.000 -0.19 0.00 0.00
Y12 432.721 -0.095 0.000 -0.21 0.00 0.00
X12 435.019 0.000 0.047 -0.33 0.00 0.00
X13 465.006 0.000 0.036 -0.43 0.00 0.00
Y13 467.345 0.007 0.000 -0.08 0.00 0.00
Y14 497.368 -0.003 0.000 -0.14 0.00 0.00
X14 499.661 0.000 0.007 -0.12 0.00 0.00
X15 529.700 0.000 -0.003 -0.11 0.00 0.00
Y15 532.020 0.010 0.000 0.37 0.00 0.00
Y16 561.981 0.016 0.000 0.17 0.00 0.00
X16 564.250 0.000 0.073 -0.17 0.00 0.00
X17 594.290 0.000 0.044 -0.26 0.00 0.00
Y17 596.720 0.019 0.000 0.04 0.00 0.00
