Y0 42.554 -0.010 0.000 0.20 0.00 0.00
X0 44.717 0.000 0.031 0.30 0.00 0.00
X1 74.429 0.000 -0.005 -0.08 0.00 0.00
Y1 76.680 0.048 0.000 -0.24 0.00 0.00
Y2 106.512 0.075 0.000 -0.09 0.00 0.00
X2 108.825 0.000 0.016 -0.18 0.00 0.00
X3 139.618 0.000 0.020 0.16 0.00 0.00
Y3 141.981 0.016 0.000 -0.20 0.00 0.00
Y4 172.796 0.025 0.000 -0.13 0.00 0.00
X4 175.191 0.000 -0.025 -0.23 0.00 0.00
X5 205.828 0.000 -0.020 -0.00 0.00 0.00
Y5 208.230 -0.071 0.000 -0.10 0.00 0.00
Y6 238.916 -0.129 0.000 -0.21 0.00 0.00
X6 241.134 0.000 0.036 -0.32 0.00 0.00
X7 271.275 0.000 0.014 -0.05 0.00 0.00
Y7 273.432 -0.022 0.000 0.02 0.00 0.00
Y8 303.392 -0.018 0.000 0.17 0.00 0.00
X8 305.832 0.000 -0.048 -0.18 0.00 0.00
X9 335.839 0.000 -0.048 0.08 0.00 0.00
Y9 338.180 0.054 0.000 0.19 0.00 0.00
Y10 368.154 0.002 0.000 0.32 0.00 0.00
X10 370.478 0.000 -0.016 -0.09 0.00 0.00
X11 400.560 0.000 -0.016 0.20 0.00 0.00
Y11 402.733 -0.018 0.000 -0.01 0.00 0.00
Y12 432.722 -0.021 0.000 0.12 0.00 0.00
X12 434.996 0.000 -0.019 -0.09 0.00 0.00
X13 465.090 0.000 -0.004 0.05 0.00 0.00
Y13 467.246 0.015 0.000 0.02 0.00 0.00
Y14 497.278 0.051 0.000 0.20 0.00 0.00
X14 499.704 0.000 0.050 -0.11 0.00 0.00
X15 529.660 0.000 0.019 0.20 0.00 0.00
Y15 532.026 -0.043 0.000 -0.21 0.00 0.00
Y16 562.057 -0.011 0.000 -0.18 0.00 0.00
X16 564.239 0.000 0.012 0.05 0.00 0.00
X17 594.121 0.000 0.003 0.32 0.00 0.00
Y17 596.723 0.057 0.000 0.15 0.00 0.00
