Y0 42.744 -0.040 0.000 0.199 0.000 0.000
X0 44.755 0.000 -0.005 -0.077 0.000 0.000
X1 74.457 0.000 -0.014 -0.056 0.000 0.000
Y1 77.010 -0.082 0.000 -0.218 0.000 0.000
Y2 106.622 0.128 0.000 1.356 0.000 0.000
X2 109.049 0.000 -0.032 0.155 0.000 0.000
X3 139.740 0.000 -0.045 0.033 0.000 0.000
Y3 142.187 -0.106 0.000 -0.680 0.000 0.000
Y4 172.795 -0.098 0.000 -0.442 0.000 0.000
X4 175.235 0.000 0.063 -0.134 0.000 0.000
X5 205.788 0.000 0.071 -0.178 0.000 0.000
Y5 208.383 -0.051 0.000 -0.135 0.000 0.000
Y6 238.868 0.234 0.000 -0.348 0.000 0.000
X6 241.394 0.000 -0.030 -0.015 0.000 0.000
X7 271.237 0.000 -0.062 0.364 0.000 0.000
Y7 273.612 0.095 0.000 -0.060 0.000 0.000
Y8 303.512 0.088 0.000 -0.186 0.000 0.000
X8 305.920 0.000 0.045 0.022 0.000 0.000
X9 335.803 0.000 0.047 -0.474 0.000 0.000
Y9 338.098 0.041 0.000 0.435 0.000 0.000
Y10 367.999 0.002 0.000 0.577 0.000 0.000
X10 370.582 0.000 -0.059 0.005 0.000 0.000
X11 400.377 0.000 -0.099 -0.068 0.000 0.000
Y11 402.698 -0.086 0.000 -0.468 0.000 0.000
Y12 432.577 -0.092 0.000 -0.185 0.000 0.000
X12 435.116 0.000 0.055 0.119 0.000 0.000
X13 465.076 0.000 0.077 -0.093 0.000 0.000
Y13 467.269 -0.070 0.000 0.132 0.000 0.000
Y14 497.184 -0.076 0.000 0.101 0.000 0.000
X14 499.502 0.000 0.022 -0.020 0.000 0.000
X15 529.472 0.000 0.169 0.271 0.000 0.000
Y15 531.861 0.089 0.000 -0.394 0.000 0.000
Y16 561.639 0.094 0.000 -0.054 0.000 0.000
X16 564.031 0.000 -0.068 -0.188 0.000 0.000
X17 593.996 0.000 -0.136 0.331 0.000 0.000
Y17 596.555 -0.069 0.000 0.375 0.000 0.000
