Y0 42.609 0.056 0.000 0.03 0.00 0.00
X0 44.547 0.000 -0.004 0.08 0.00 0.00
X1 74.482 0.000 -0.029 0.09 0.00 0.00
Y1 76.575 -0.025 0.000 -0.41 0.00 0.00
Y2 106.376 -0.009 0.000 -0.33 0.00 0.00
X2 108.853 0.000 0.005 0.06 0.00 0.00
X3 139.611 0.000 -0.024 0.36 0.00 0.00
Y3 141.949 -0.044 0.000 0.07 0.00 0.00
Y4 172.749 -0.031 0.000 0.14 0.00 0.00
X4 175.083 0.000 0.026 -0.08 0.00 0.00
X5 205.883 0.000 0.020 0.15 0.00 0.00
Y5 208.151 0.036 0.000 -0.16 0.00 0.00
Y6 238.911 0.072 0.000 -0.15 0.00 0.00
X6 241.380 0.000 -0.027 -0.01 0.00 0.00
X7 271.269 0.000 0.004 -0.10 0.00 0.00
Y7 273.606 -0.057 0.000 -0.17 0.00 0.00
Y8 303.552 -0.050 0.000 -0.10 0.00 0.00
X8 305.911 0.000 0.064 -0.26 0.00 0.00
X9 335.893 0.000 0.021 -0.27 0.00 0.00
Y9 338.211 -0.003 0.000 0.17 0.00 0.00
Y10 368.163 -0.007 0.000 0.14 0.00 0.00
X10 370.408 0.000 -0.050 0.18 0.00 0.00
X11 400.446 0.000 -0.024 0.13 0.00 0.00
Y11 402.848 0.081 0.000 0.06 0.00 0.00
Y12 432.761 0.051 0.000 0.11 0.00 0.00
X12 435.051 0.000 0.024 0.09 0.00 0.00
X13 465.050 0.000 0.015 0.04 0.00 0.00
Y13 467.367 -0.034 0.000 0.20 0.00 0.00
Y14 497.343 -0.060 0.000 -0.01 0.00 0.00
X14 499.676 0.000 0.021 -0.28 0.00 0.00
X15 529.577 0.000 -0.002 -0.28 0.00 0.00
Y15 531.973 0.032 0.000 -0.05 0.00 0.00
Y16 561.964 0.037 0.000 0.23 0.00 0.00
X16 564.221 0.000 -0.015 0.10 0.00 0.00
X17 594.195 0.000 -0.026 -0.05 0.00 0.00
Y17 596.503 -0.038 0.000 0.30 0.00 0.00
