Y0 42.520 0.074 0.000 0.39 0.00 0.00
X0 44.662 0.000 -0.003 -0.09 0.00 0.00
X1 74.508 0.000 -0.018 0.14 0.00 0.00
Y1 76.676 -0.026 0.000 -0.04 0.00 0.00
Y2 106.524 -0.001 0.000 0.09 0.00 0.00
X2 108.893 0.000 -0.116 0.41 0.00 0.00
X3 139.744 0.000 0.010 0.23 0.00 0.00
Y3 141.940 -0.035 0.000 0.09 0.00 0.00
Y4 172.710 -0.006 0.000 0.22 0.00 0.00
X4 174.969 0.000 0.054 -0.13 0.00 0.00
X5 205.889 0.000 0.014 0.03 0.00 0.00
Y5 208.146 0.028 0.000 -0.12 0.00 0.00
Y6 238.911 0.017 0.000 0.06 0.00 0.00
X6 241.247 0.000 0.034 -0.31 0.00 0.00
X7 271.207 0.000 0.036 0.07 0.00 0.00
Y7 273.597 0.011 0.000 0.04 0.00 0.00
Y8 303.514 0.028 0.000 -0.02 0.00 0.00
X8 305.793 0.000 0.064 -0.14 0.00 0.00
X9 335.835 0.000 0.062 -0.04 0.00 0.00
Y9 338.087 -0.054 0.000 -0.18 0.00 0.00
Y10 368.125 -0.062 0.000 -0.20 0.00 0.00
X10 370.469 0.000 0.002 -0.23 0.00 0.00
X11 400.452 0.000 -0.014 0.10 0.00 0.00
Y11 402.822 -0.031 0.000 -0.29 0.00 0.00
Y12 432.783 -0.048 0.000 -0.06 0.00 0.00
X12 434.986 0.000 -0.054 -0.04 0.00 0.00
X13 465.032 0.000 -0.042 0.10 0.00 0.00
Y13 467.348 0.036 0.000 0.02 0.00 0.00
Y14 497.375 0.002 0.000 0.03 0.00 0.00
X14 499.660 0.000 -0.057 0.13 0.00 0.00
X15 529.617 0.000 -0.029 0.09 0.00 0.00
Y15 531.989 -0.003 0.000 -0.16 0.00 0.00
Y16 562.000 0.014 0.000 0.04 0.00 0.00
X16 564.279 0.000 0.023 -0.11 0.00 0.00
X17 594.293 0.000 0.034 -0.13 0.00 0.00
Y17 596.544 0.057 0.000 0.10 0.00 0.00
