Y0 42.578 0.035 0.000 0.39 0.00 0.00
X0 44.638 0.000 0.049 -0.24 0.00 0.00
X1 74.367 0.000 0.053 -0.12 0.00 0.00
Y1 76.744 -0.031 0.000 -0.48 0.00 0.00
Y2 106.547 -0.042 0.000 -0.46 0.00 0.00
X2 108.877 0.000 0.048 -0.04 0.00 0.00
X3 139.769 0.000 -0.020 -0.00 0.00 0.00
Y3 141.926 0.001 0.000 -0.05 0.00 0.00
Y4 172.686 0.007 0.000 -0.03 0.00 0.00
X4 175.093 0.000 0.009 0.01 0.00 0.00
X5 205.840 0.000 0.023 0.16 0.00 0.00
Y5 208.055 0.003 0.000 -0.18 0.00 0.00
Y6 238.885 0.042 0.000 0.07 0.00 0.00
X6 241.289 0.000 -0.058 0.21 0.00 0.00
X7 271.164 0.000 -0.051 0.13 0.00 0.00
Y7 273.521 -0.007 0.000 -0.01 0.00 0.00
Y8 303.524 -0.066 0.000 -0.14 0.00 0.00
X8 305.955 0.000 -0.097 0.07 0.00 0.00
X9 335.897 0.000 -0.123 0.21 0.00 0.00
Y9 338.175 0.112 0.000 0.35 0.00 0.00
Y10 368.122 0.037 0.000 0.37 0.00 0.00
X10 370.413 0.000 0.036 -0.41 0.00 0.00
X11 400.423 0.000 0.045 -0.12 0.00 0.00
Y11 402.803 -0.016 0.000 -0.33 0.00 0.00
Y12 432.742 -0.008 0.000 -0.09 0.00 0.00
X12 435.060 0.000 0.015 -0.03 0.00 0.00
X13 464.935 0.000 -0.015 0.04 0.00 0.00
Y13 467.338 -0.079 0.000 -0.03 0.00 0.00
Y14 497.318 -0.047 0.000 0.00 0.00 0.00
X14 499.708 0.000 -0.019 0.11 0.00 0.00
X15 529.612 0.000 -0.018 0.17 0.00 0.00
Y15 531.958 -0.001 0.000 0.20 0.00 0.00
Y16 562.033 0.054 0.000 0.33 0.00 0.00
X16 564.332 0.000 0.041 0.01 0.00 0.00
X17 594.164 0.000 0.083 -0.09 0.00 0.00
Y17 596.655 0.007 0.000 0.06 0.00 0.00
