Y0 42.682 -0.018 0.000 0.012 0.000 0.000
X0 44.620 0.000 -0.027 -0.079 0.000 0.000
X1 74.470 0.000 -0.046 -0.224 0.000 0.000
Y1 76.738 0.063 0.000 0.206 0.000 0.000
Y2 106.564 -0.042 0.000 0.290 0.000 0.000
X2 108.861 0.000 0.010 0.311 0.000 0.000
X3 139.649 0.000 0.010 0.015 0.000 0.000
Y3 141.946 0.004 0.000 -0.298 0.000 0.000
Y4 172.722 -0.019 0.000 -0.139 0.000 0.000
X4 175.072 0.000 -0.020 -0.051 0.000 0.000
X5 205.781 0.000 -0.012 0.049 0.000 0.000
Y5 208.185 -0.009 0.000 -0.123 0.000 0.000
Y6 239.008 0.035 0.000 0.019 0.000 0.000
X6 241.312 0.000 0.051 0.148 0.000 0.000
X7 271.191 0.000 0.020 -0.089 0.000 0.000
Y7 273.561 0.039 0.000 0.009 0.000 0.000
Y8 303.548 0.004 0.000 -0.055 0.000 0.000
X8 305.916 0.000 0.015 0.034 0.000 0.000
X9 335.829 0.000 0.033 0.199 0.000 0.000
Y9 338.174 -0.108 0.000 -0.174 0.000 0.000
Y10 368.182 -0.093 0.000 -0.377 0.000 0.000
X10 370.532 0.000 0.021 -0.011 0.000 0.000
X11 400.347 0.000 0.006 -0.047 0.000 0.000
Y11 402.719 -0.062 0.000 -0.031 0.000 0.000
Y12 432.655 0.264 0.000 1.417 0.000 0.000
X12 435.098 0.000 -0.029 0.098 0.000 0.000
X13 465.018 0.000 -0.007 -0.328 0.000 0.000
Y13 467.363 0.011 0.000 -0.276 0.000 0.000
Y14 497.291 -0.005 0.000 -0.244 0.000 0.000
X14 499.684 0.000 0.045 0.138 0.000 0.000
X15 529.714 0.000 0.053 0.063 0.000 0.000
Y15 531.890 -0.003 0.000 0.003 0.000 0.000
Y16 561.791 -0.040 0.000 -0.092 0.000 0.000
X16 564.291 0.000 -0.093 0.062 0.000 0.000
X17 594.150 0.000 -0.029 -0.286 0.000 0.000
Y17 596.590 -0.021 0.000 -0.155 0.000 0.000
