Y0 42.817 +0.023 +0.000 +0.141 +0.000 +0.000
X0 44.513 +0.000 +0.064 -0.170 +0.000 +0.000
X1 74.307 +0.000 +0.053 -0.063 +0.000 +0.000
Y1 76.998 -0.035 +0.000 -0.213 +0.000 +0.000
Y2 106.692 +0.166 +0.000 +1.348 +0.000 +0.000
X2 108.811 +0.000 +0.034 +0.119 +0.000 +0.000
X3 139.607 +0.000 +0.021 -0.017 +0.000 +0.000
Y3 142.152 -0.077 +0.000 -0.679 +0.000 +0.000
Y4 172.875 -0.090 +0.000 -0.372 +0.000 +0.000
X4 175.027 +0.000 +0.106 -0.100 +0.000 +0.000
X5 205.685 +0.000 +0.111 -0.208 +0.000 +0.000
Y5 208.375 -0.050 +0.000 -0.160 +0.000 +0.000
Y6 238.953 +0.233 +0.000 -0.377 +0.000 +0.000
X6 241.230 +0.000 +0.003 -0.006 +0.000 +0.000
X7 271.157 +0.000 -0.036 +0.360 +0.000 +0.000
Y7 273.651 +0.089 +0.000 -0.035 +0.000 +0.000
Y8 303.639 +0.075 +0.000 -0.190 +0.000 +0.000
X8 305.775 +0.000 +0.063 +0.096 +0.000 +0.000
X9 335.772 +0.000 +0.052 -0.441 +0.000 +0.000
Y9 338.159 +0.023 +0.000 +0.468 +0.000 +0.000
Y10 368.141 -0.019 +0.000 +0.590 +0.000 +0.000
X10 370.476 +0.000 -0.060 +0.046 +0.000 +0.000
X11 400.359 +0.000 -0.109 +0.005 +0.000 +0.000
Y11 402.773 -0.113 +0.000 -0.438 +0.000 +0.000
Y12 432.725 -0.122 +0.000 -0.138 +0.000 +0.000
X12 435.049 +0.000 +0.033 +0.079 +0.000 +0.000
X13 465.098 +0.000 +0.044 -0.158 +0.000 +0.000
Y13 467.366 -0.106 +0.000 +0.233 +0.000 +0.000
Y14 497.351 -0.119 +0.000 +0.113 +0.000 +0.000
X14 499.466 +0.000 -0.018 -0.011 +0.000 +0.000
X15 529.548 +0.000 +0.118 +0.264 +0.000 +0.000
Y15 531.970 +0.052 +0.000 -0.397 +0.000 +0.000
Y16 561.826 +0.052 +0.000 -0.114 +0.000 +0.000
X16 564.050 +0.000 -0.131 -0.221 +0.000 +0.000
X17 594.136 +0.000 -0.210 +0.279 +0.000 +0.000
Y17 596.613 -0.119 +0.000 +0.367 +0.000 +0.000
