Y0 42.728 -0.004 +0.000 +0.234 +0.000 +0.000
X0 44.563 +0.000 +0.062 -0.158 +0.000 +0.000
X1 74.284 +0.000 +0.047 -0.120 +0.000 +0.000
Y1 76.980 -0.054 +0.000 -0.238 +0.000 +0.000
Y2 106.614 +0.155 +0.000 +1.303 +0.000 +0.000
X2 108.884 +0.000 +0.021 +0.123 +0.000 +0.000
X3 139.587 +0.000 +0.006 +0.032 +0.000 +0.000
Y3 142.204 -0.088 +0.000 -0.665 +0.000 +0.000
Y4 172.839 -0.091 +0.000 -0.371 +0.000 +0.000
X4 175.083 +0.000 +0.105 -0.129 +0.000 +0.000
X5 205.653 +0.000 +0.107 -0.209 +0.000 +0.000
Y5 208.428 -0.050 +0.000 -0.143 +0.000 +0.000
Y6 238.927 +0.238 +0.000 -0.369 +0.000 +0.000
X6 241.268 +0.000 -0.007 +0.000 +0.000 +0.000
X7 271.122 +0.000 -0.041 +0.355 +0.000 +0.000
Y7 273.685 +0.094 +0.000 -0.061 +0.000 +0.000
Y8 303.598 +0.085 +0.000 -0.170 +0.000 +0.000
X8 305.821 +0.000 +0.057 +0.037 +0.000 +0.000
X9 335.725 +0.000 +0.052 -0.445 +0.000 +0.000
Y9 338.194 +0.034 +0.000 +0.470 +0.000 +0.000
Y10 368.091 -0.010 +0.000 +0.596 +0.000 +0.000
X10 370.527 +0.000 -0.063 +0.037 +0.000 +0.000
X11 400.349 +0.000 -0.109 +0.003 +0.000 +0.000
Y11 402.797 -0.105 +0.000 -0.420 +0.000 +0.000
Y12 432.666 -0.117 +0.000 -0.161 +0.000 +0.000
X12 435.122 +0.000 +0.036 +0.102 +0.000 +0.000
X13 465.091 +0.000 +0.049 -0.126 +0.000 +0.000
Y13 467.371 -0.097 +0.000 +0.187 +0.000 +0.000
Y14 497.268 -0.106 +0.000 +0.096 +0.000 +0.000
X14 499.558 +0.000 -0.013 -0.019 +0.000 +0.000
X15 529.543 +0.000 +0.125 +0.260 +0.000 +0.000
Y15 531.962 +0.059 +0.000 -0.393 +0.000 +0.000
Y16 561.727 +0.058 +0.000 -0.121 +0.000 +0.000
X16 564.131 +0.000 -0.121 -0.188 +0.000 +0.000
X17 594.124 +0.000 -0.200 +0.285 +0.000 +0.000
Y17 596.647 -0.111 +0.000 +0.379 +0.000 +0.000
