Y0 42.759 -0.042 +0.000 +0.346 +0.000 +0.000
X0 44.912 +0.000 -0.066 +0.495 +0.000 +0.000
X1 74.581 +0.000 -0.086 +0.183 +0.000 +0.000
Y1 76.893 -0.053 +0.000 -0.520 +0.000 +0.000
Y2 106.649 -0.006 +0.000 -0.095 +0.000 +0.000
X2 109.092 +0.000 +0.130 -0.102 +0.000 +0.000
X3 139.754 +0.000 +0.126 -0.139 +0.000 +0.000
Y3 142.044 +0.173 +0.000 +0.338 +0.000 +0.000
Y4 172.785 +0.176 +0.000 +0.460 +0.000 +0.000
X4 175.152 +0.000 +0.124 -0.071 +0.000 +0.000
X5 205.891 +0.000 +0.112 -0.331 +0.000 +0.000
Y5 208.183 -0.055 +0.000 -0.279 +0.000 +0.000
Y6 238.943 -0.018 +0.000 -0.286 +0.000 +0.000
X6 241.401 +0.000 -0.098 +0.221 +0.000 +0.000
X7 271.330 +0.000 -0.093 +0.001 +0.000 +0.000
Y7 273.576 -0.030 +0.000 -0.045 +0.000 +0.000
Y8 303.421 -0.011 +0.000 -0.013 +0.000 +0.000
X8 305.936 +0.000 -0.084 +0.023 +0.000 +0.000
X9 335.816 +0.000 -0.134 +0.191 +0.000 +0.000
Y9 338.125 +0.133 +0.000 -0.029 +0.000 +0.000
Y10 368.041 +0.163 +0.000 +0.120 +0.000 +0.000
X10 370.450 +0.000 -0.101 -0.153 +0.000 +0.000
X11 400.322 +0.000 -0.131 -0.325 +0.000 +0.000
Y11 402.721 -0.085 +0.000 -0.165 +0.000 +0.000
Y12 432.625 -0.087 +0.000 -0.209 +0.000 +0.000
X12 434.966 +0.000 +0.015 +0.219 +0.000 +0.000
X13 464.926 +0.000 +0.002 +0.297 +0.000 +0.000
Y13 467.229 +0.000 +0.000 -0.164 +0.000 +0.000
Y14 497.224 -0.011 +0.000 -0.324 +0.000 +0.000
X14 499.555 +0.000 -0.028 -0.127 +0.000 +0.000
X15 529.565 +0.000 -0.045 -0.125 +0.000 +0.000
Y15 531.842 +0.035 +0.000 +0.450 +0.000 +0.000
Y16 561.766 +0.039 +0.000 +0.232 +0.000 +0.000
X16 564.098 +0.000 +0.016 +0.020 +0.000 +0.000
X17 594.109 +0.000 -0.017 +0.134 +0.000 +0.000
Y17 596.478 +0.032 +0.000 -0.220 +0.000 +0.000
