Y0 42.565 -0.025 0.000 0.395 0.000 0.000
X0 44.622 0.000 -0.004 -0.210 0.000 0.000
X1 74.383 0.000 -0.014 -0.188 0.000 0.000
Y1 76.783 -0.079 0.000 -0.271 0.000 0.000
Y2 106.461 0.137 0.000 1.380 0.000 0.000
X2 108.937 0.000 -0.030 0.175 0.000 0.000
X3 139.681 0.000 -0.034 0.042 0.000 0.000
Y3 141.975 -0.102 0.000 -0.745 0.000 0.000
Y4 172.675 -0.111 0.000 -0.463 0.000 0.000
X4 175.129 0.000 0.058 -0.093 0.000 0.000
X5 205.745 0.000 0.068 -0.208 0.000 0.000
Y5 208.239 -0.062 0.000 -0.112 0.000 0.000
Y6 238.798 0.229 0.000 -0.336 0.000 0.000
X6 241.304 0.000 -0.039 0.059 0.000 0.000
X7 271.208 0.000 -0.063 0.406 0.000 0.000
Y7 273.545 0.088 0.000 -0.022 0.000 0.000
Y8 303.524 0.081 0.000 -0.183 0.000 0.000
X8 305.887 0.000 0.046 0.023 0.000 0.000
X9 335.810 0.000 0.045 -0.443 0.000 0.000
Y9 338.096 0.039 0.000 0.487 0.000 0.000
Y10 368.071 0.002 0.000 0.596 0.000 0.000
X10 370.557 0.000 -0.060 0.093 0.000 0.000
X11 400.431 0.000 -0.101 0.004 0.000 0.000
Y11 402.751 -0.088 0.000 -0.441 0.000 0.000
Y12 432.702 -0.091 0.000 -0.196 0.000 0.000
X12 435.135 0.000 0.053 0.129 0.000 0.000
X13 465.145 0.000 0.074 -0.120 0.000 0.000
Y13 467.393 -0.066 0.000 0.208 0.000 0.000
Y14 497.373 -0.072 0.000 0.130 0.000 0.000
X14 499.592 0.000 0.027 0.012 0.000 0.000
X15 529.614 0.000 0.172 0.296 0.000 0.000
Y15 532.035 0.094 0.000 -0.385 0.000 0.000
Y16 561.885 0.098 0.000 -0.101 0.000 0.000
X16 564.153 0.000 -0.063 -0.227 0.000 0.000
X17 594.204 0.000 -0.135 0.260 0.000 0.000
Y17 596.740 -0.069 0.000 0.474 0.000 0.000
