Y0 42.464 0.092 0.000 0.23 0.00 0.00
X0 44.646 0.000 0.010 -0.12 0.00 0.00
X1 74.504 0.000 -0.019 0.10 0.00 0.00
Y1 76.689 -0.053 0.000 -0.10 0.00 0.00
Y2 106.519 -0.027 0.000 0.09 0.00 0.00
X2 108.839 0.000 -0.142 0.38 0.00 0.00
X3 139.705 0.000 -0.018 0.17 0.00 0.00
Y3 141.978 -0.022 0.000 0.04 0.00 0.00
Y4 172.750 -0.003 0.000 0.20 0.00 0.00
X4 175.005 0.000 0.065 -0.17 0.00 0.00
X5 205.943 0.000 0.025 -0.05 0.00 0.00
Y5 208.150 0.034 0.000 -0.11 0.00 0.00
Y6 238.923 0.015 0.000 0.02 0.00 0.00
X6 241.275 0.000 0.100 -0.37 0.00 0.00
X7 271.238 0.000 0.109 -0.01 0.00 0.00
Y7 273.574 0.046 0.000 -0.06 0.00 0.00
Y8 303.483 0.062 0.000 -0.16 0.00 0.00
X8 305.781 0.000 0.004 -0.21 0.00 0.00
X9 335.813 0.000 0.009 -0.11 0.00 0.00
Y9 338.104 -0.062 0.000 -0.18 0.00 0.00
Y10 368.131 -0.075 0.000 -0.12 0.00 0.00
X10 370.503 0.000 -0.020 -0.23 0.00 0.00
X11 400.487 0.000 -0.026 0.06 0.00 0.00
Y11 402.802 -0.043 0.000 -0.26 0.00 0.00
Y12 432.770 -0.062 0.000 -0.08 0.00 0.00
X12 434.981 0.000 -0.053 -0.03 0.00 0.00
X13 465.025 0.000 -0.037 0.13 0.00 0.00
Y13 467.351 0.011 0.000 0.05 0.00 0.00
Y14 497.392 -0.021 0.000 0.07 0.00 0.00
X14 499.632 0.000 -0.058 0.25 0.00 0.00
X15 529.575 0.000 -0.029 0.21 0.00 0.00
Y15 532.006 0.014 0.000 -0.05 0.00 0.00
Y16 562.030 0.029 0.000 0.13 0.00 0.00
X16 564.290 0.000 0.035 -0.01 0.00 0.00
X17 594.294 0.000 0.047 -0.07 0.00 0.00
Y17 596.499 0.065 0.000 0.35 0.00 0.00
