Y0 42.808 +0.008 +0.000 +0.194 +0.000 +0.000
X0 44.621 +0.000 +0.076 -0.214 +0.000 +0.000
X1 74.384 +0.000 +0.058 -0.189 +0.000 +0.000
Y1 76.998 -0.034 +0.000 -0.190 +0.000 +0.000
Y2 106.661 +0.166 +0.000 +1.326 +0.000 +0.000
X2 108.913 +0.000 +0.043 +0.194 +0.000 +0.000
X3 139.661 +0.000 +0.025 +0.058 +0.000 +0.000
Y3 142.168 -0.076 +0.000 -0.618 +0.000 +0.000
Y4 172.838 -0.082 +0.000 -0.377 +0.000 +0.000
X4 175.099 +0.000 +0.122 -0.105 +0.000 +0.000
X5 205.708 +0.000 +0.125 -0.225 +0.000 +0.000
Y5 208.356 -0.045 +0.000 -0.178 +0.000 +0.000
Y6 238.883 +0.243 +0.000 -0.384 +0.000 +0.000
X6 241.278 +0.000 +0.009 -0.040 +0.000 +0.000
X7 271.171 +0.000 -0.031 +0.327 +0.000 +0.000
Y7 273.599 +0.098 +0.000 -0.070 +0.000 +0.000
Y8 303.563 +0.087 +0.000 -0.176 +0.000 +0.000
X8 305.856 +0.000 +0.064 -0.013 +0.000 +0.000
X9 335.779 +0.000 +0.052 -0.477 +0.000 +0.000
Y9 338.110 +0.044 +0.000 +0.508 +0.000 +0.000
Y10 368.059 -0.001 +0.000 +0.620 +0.000 +0.000
X10 370.521 +0.000 -0.064 +0.079 +0.000 +0.000
X11 400.396 +0.000 -0.112 -0.004 +0.000 +0.000
Y11 402.706 -0.113 +0.000 -0.431 +0.000 +0.000
Y12 432.632 -0.126 +0.000 -0.169 +0.000 +0.000
X12 435.106 +0.000 +0.036 +0.107 +0.000 +0.000
X13 465.121 +0.000 +0.039 -0.111 +0.000 +0.000
Y13 467.299 -0.112 +0.000 +0.163 +0.000 +0.000
Y14 497.257 -0.122 +0.000 +0.116 +0.000 +0.000
X14 499.568 +0.000 -0.028 -0.051 +0.000 +0.000
X15 529.589 +0.000 +0.101 +0.203 +0.000 +0.000
Y15 531.892 +0.044 +0.000 -0.377 +0.000 +0.000
Y16 561.716 +0.044 +0.000 -0.122 +0.000 +0.000
X16 564.120 +0.000 -0.160 -0.101 +0.000 +0.000
X17 594.177 +0.000 -0.246 +0.355 +0.000 +0.000
Y17 596.546 -0.115 +0.000 +0.373 +0.000 +0.000
