Y0 42.797 0.048 0.000 0.279 0.000 0.000
X0 44.671 0.000 0.057 -0.053 0.000 0.000
X1 74.393 0.000 0.040 -0.088 0.000 0.000
Y1 77.046 -0.011 0.000 -0.169 0.000 0.000
Y2 106.669 0.191 0.000 1.351 0.000 0.000
X2 108.975 0.000 0.022 0.161 0.000 0.000
X3 139.666 0.000 0.007 0.071 0.000 0.000
Y3 142.241 -0.057 0.000 -0.667 0.000 0.000
Y4 172.875 -0.067 0.000 -0.409 0.000 0.000
X4 175.146 0.000 0.103 -0.044 0.000 0.000
X5 205.702 0.000 0.111 -0.149 0.000 0.000
Y5 208.453 -0.029 0.000 -0.094 0.000 0.000
Y6 238.944 0.253 0.000 -0.327 0.000 0.000
X6 241.309 0.000 0.003 -0.001 0.000 0.000
X7 271.144 0.000 -0.030 0.352 0.000 0.000
Y7 273.704 0.103 0.000 -0.047 0.000 0.000
Y8 303.612 0.091 0.000 -0.163 0.000 0.000
X8 305.829 0.000 0.068 0.061 0.000 0.000
X9 335.709 0.000 0.066 -0.447 0.000 0.000
Y9 338.200 0.036 0.000 0.498 0.000 0.000
Y10 368.098 -0.010 0.000 0.612 0.000 0.000
X10 370.491 0.000 -0.047 0.032 0.000 0.000
X11 400.306 0.000 -0.090 0.014 0.000 0.000
Y11 402.805 -0.105 0.000 -0.420 0.000 0.000
Y12 432.667 -0.120 0.000 -0.159 0.000 0.000
X12 435.060 0.000 0.055 0.120 0.000 0.000
X13 465.017 0.000 0.069 -0.154 0.000 0.000
Y13 467.375 -0.104 0.000 0.213 0.000 0.000
Y14 497.274 -0.118 0.000 0.147 0.000 0.000
X14 499.466 0.000 0.009 0.004 0.000 0.000
X15 529.442 0.000 0.151 0.288 0.000 0.000
Y15 531.959 0.040 0.000 -0.380 0.000 0.000
Y16 561.735 0.037 0.000 -0.116 0.000 0.000
X16 564.008 0.000 -0.095 -0.139 0.000 0.000
X17 594.001 0.000 -0.170 0.379 0.000 0.000
Y17 596.658 -0.138 0.000 0.371 0.000 0.000
