Y0 42.556 -0.020 0.000 0.449 0.000 0.000
X0 44.729 0.000 0.021 -0.433 0.000 0.000
X1 74.436 0.000 -0.009 -0.099 0.000 0.000
Y1 76.675 0.045 0.000 -0.262 0.000 0.000
Y2 106.515 0.074 0.000 -0.039 0.000 0.000
X2 108.808 0.000 0.013 0.022 0.000 0.000
X3 139.616 0.000 0.021 -0.333 0.000 0.000
Y3 141.970 0.019 0.000 -0.069 0.000 0.000
Y4 172.797 0.037 0.000 -0.055 0.000 0.000
X4 175.179 0.000 -0.020 0.178 0.000 0.000
X5 205.827 0.000 -0.017 -0.120 0.000 0.000
Y5 208.219 -0.065 0.000 -0.088 0.000 0.000
Y6 238.915 -0.129 0.000 -0.189 0.000 0.000
X6 241.118 0.000 0.040 0.203 0.000 0.000
X7 271.272 0.000 0.020 -0.011 0.000 0.000
Y7 273.421 -0.024 0.000 0.091 0.000 0.000
Y8 303.408 -0.016 0.000 0.125 0.000 0.000
X8 305.833 0.000 -0.042 0.128 0.000 0.000
X9 335.857 0.000 -0.045 -0.075 0.000 0.000
Y9 338.190 0.053 0.000 0.110 0.000 0.000
Y10 368.169 0.003 0.000 0.225 0.000 0.000
X10 370.492 0.000 -0.013 0.093 0.000 0.000
X11 400.580 0.000 -0.012 -0.208 0.000 0.000
Y11 402.737 -0.017 0.000 -0.152 0.000 0.000
Y12 432.729 -0.018 0.000 -0.010 0.000 0.000
X12 434.994 0.000 -0.019 0.121 0.000 0.000
X13 465.093 0.000 -0.005 -0.062 0.000 0.000
Y13 467.256 0.014 0.000 0.043 0.000 0.000
Y14 497.279 0.047 0.000 0.327 0.000 0.000
X14 499.699 0.000 0.051 0.124 0.000 0.000
X15 529.653 0.000 0.016 -0.177 0.000 0.000
Y15 532.017 -0.046 0.000 -0.368 0.000 0.000
Y16 562.051 -0.014 0.000 -0.375 0.000 0.000
X16 564.231 0.000 0.011 0.129 0.000 0.000
X17 594.119 0.000 -0.004 -0.054 0.000 0.000
Y17 596.710 0.057 0.000 0.389 0.000 0.000
