Y0 42.578 -0.007 0.000 -0.241 0.000 0.000
X0 44.566 0.000 -0.011 0.142 0.000 0.000
X1 74.446 0.000 -0.021 0.055 0.000 0.000
Y1 76.657 0.111 0.000 0.413 0.000 0.000
Y2 106.505 0.006 0.000 0.418 0.000 0.000
X2 108.925 0.000 -0.031 0.183 0.000 0.000
X3 139.731 0.000 -0.013 -0.024 0.000 0.000
Y3 141.816 0.009 0.000 -0.452 0.000 0.000
Y4 172.609 -0.019 0.000 -0.276 0.000 0.000
X4 175.070 0.000 0.046 -0.089 0.000 0.000
X5 205.783 0.000 0.047 -0.050 0.000 0.000
Y5 208.260 -0.006 0.000 -0.057 0.000 0.000
Y6 239.076 0.031 0.000 0.089 0.000 0.000
X6 241.312 0.000 0.054 0.138 0.000 0.000
X7 271.196 0.000 0.029 -0.084 0.000 0.000
Y7 273.533 -0.031 0.000 0.053 0.000 0.000
Y8 303.525 -0.058 0.000 0.031 0.000 0.000
X8 305.955 0.000 -0.039 -0.011 0.000 0.000
X9 335.858 0.000 -0.028 0.125 0.000 0.000
Y9 338.157 -0.117 0.000 -0.199 0.000 0.000
Y10 368.172 -0.108 0.000 -0.375 0.000 0.000
X10 370.492 0.000 -0.022 -0.021 0.000 0.000
X11 400.298 0.000 -0.040 -0.053 0.000 0.000
Y11 402.753 -0.094 0.000 -0.049 0.000 0.000
Y12 432.688 0.232 0.000 1.454 0.000 0.000
X12 435.129 0.000 -0.005 0.059 0.000 0.000
X13 465.036 0.000 -0.002 -0.401 0.000 0.000
Y13 467.401 0.003 0.000 -0.308 0.000 0.000
Y14 497.334 -0.008 0.000 -0.229 0.000 0.000
X14 499.677 0.000 0.026 0.182 0.000 0.000
X15 529.695 0.000 0.035 0.082 0.000 0.000
Y15 532.010 0.018 0.000 -0.013 0.000 0.000
Y16 561.908 -0.020 0.000 -0.064 0.000 0.000
X16 564.181 0.000 -0.007 0.092 0.000 0.000
X17 594.185 0.000 -0.017 -0.324 0.000 0.000
Y17 596.629 0.057 0.000 -0.189 0.000 0.000
