Y0 42.577 -0.001 0.000 -0.140 0.000 0.000
X0 44.606 0.000 0.013 -0.033 0.000 0.000
X1 74.462 0.000 -0.006 -0.143 0.000 0.000
Y1 76.650 0.084 0.000 0.291 0.000 0.000
Y2 106.490 -0.024 0.000 0.342 0.000 0.000
X2 108.895 0.000 0.016 0.317 0.000 0.000
X3 139.675 0.000 0.014 0.051 0.000 0.000
Y3 141.885 0.001 0.000 -0.285 0.000 0.000
Y4 172.677 -0.023 0.000 -0.141 0.000 0.000
X4 175.076 0.000 -0.015 -0.135 0.000 0.000
X5 205.783 0.000 -0.012 -0.051 0.000 0.000
Y5 208.175 0.001 0.000 -0.117 0.000 0.000
Y6 239.001 0.039 0.000 0.039 0.000 0.000
X6 241.326 0.000 0.042 0.140 0.000 0.000
X7 271.214 0.000 0.009 -0.090 0.000 0.000
Y7 273.549 0.011 0.000 0.005 0.000 0.000
Y8 303.545 -0.027 0.000 -0.001 0.000 0.000
X8 305.911 0.000 -0.015 0.031 0.000 0.000
X9 335.833 0.000 -0.002 0.144 0.000 0.000
Y9 338.162 -0.120 0.000 -0.188 0.000 0.000
Y10 368.173 -0.106 0.000 -0.370 0.000 0.000
X10 370.528 0.000 -0.020 -0.020 0.000 0.000
X11 400.341 0.000 -0.043 -0.041 0.000 0.000
Y11 402.734 -0.080 0.000 -0.027 0.000 0.000
Y12 432.675 0.245 0.000 1.429 0.000 0.000
X12 435.115 0.000 -0.045 0.085 0.000 0.000
X13 465.038 0.000 -0.032 -0.411 0.000 0.000
Y13 467.414 0.002 0.000 -0.289 0.000 0.000
Y14 497.360 -0.010 0.000 -0.241 0.000 0.000
X14 499.687 0.000 0.016 0.136 0.000 0.000
X15 529.710 0.000 0.017 0.030 0.000 0.000
Y15 531.992 -0.003 0.000 0.041 0.000 0.000
Y16 561.896 -0.038 0.000 -0.048 0.000 0.000
X16 564.164 0.000 0.045 0.164 0.000 0.000
X17 594.173 0.000 0.018 -0.170 0.000 0.000
Y17 596.651 0.047 0.000 -0.300 0.000 0.000
