Y0 42.733 -0.013 0.000 0.594 0.000 0.000
X0 44.651 0.000 -0.042 -0.240 0.000 0.000
X1 74.472 0.000 -0.043 -0.119 0.000 0.000
Y1 76.741 -0.006 0.000 -0.385 0.000 0.000
Y2 106.607 -0.003 0.000 -0.156 0.000 0.000
X2 108.934 0.000 0.021 0.101 0.000 0.000
X3 139.647 0.000 0.059 0.052 0.000 0.000
Y3 142.033 -0.035 0.000 0.108 0.000 0.000
Y4 172.664 0.020 0.000 0.101 0.000 0.000
X4 175.171 0.000 -0.001 0.060 0.000 0.000
X5 205.918 0.000 0.002 -0.156 0.000 0.000
Y5 208.229 -0.013 0.000 -0.077 0.000 0.000
Y6 239.059 -0.021 0.000 0.109 0.000 0.000
X6 241.304 0.000 -0.010 -0.121 0.000 0.000
X7 271.144 0.000 0.024 -0.037 0.000 0.000
Y7 273.639 -0.088 0.000 0.115 0.000 0.000
Y8 303.488 0.387 0.000 0.166 0.000 0.000
X8 305.953 0.000 0.043 0.363 0.000 0.000
X9 335.845 0.000 0.044 0.146 0.000 0.000
Y9 338.127 -0.014 0.000 0.023 0.000 0.000
Y10 368.098 -0.055 0.000 -0.192 0.000 0.000
X10 370.337 0.000 -0.046 0.096 0.000 0.000
X11 400.251 0.000 -0.034 -0.191 0.000 0.000
Y11 402.757 -0.066 0.000 -0.291 0.000 0.000
Y12 432.641 -0.067 0.000 -0.219 0.000 0.000
X12 435.084 0.000 -0.020 -0.021 0.000 0.000
X13 465.023 0.000 0.003 -0.048 0.000 0.000
Y13 467.312 -0.089 0.000 0.019 0.000 0.000
Y14 497.272 -0.064 0.000 0.091 0.000 0.000
X14 499.718 0.000 -0.011 0.038 0.000 0.000
X15 529.566 0.000 -0.019 -0.017 0.000 0.000
Y15 531.867 0.050 0.000 0.068 0.000 0.000
Y16 561.806 0.032 0.000 0.034 0.000 0.000
X16 564.246 0.000 0.021 0.141 0.000 0.000
X17 594.274 0.000 0.006 -0.045 0.000 0.000
Y17 596.536 0.044 0.000 -0.116 0.000 0.000
