Y0 42.575 -0.058 0.000
X0 44.650 0.000 0.011
X1 74.447 0.000 -0.004
Y1 76.876 0.065 0.000
Y2 106.580 0.041 0.000
X2 108.863 0.000 -0.003
X3 139.704 0.000 -0.130
Y3 141.983 -0.059 0.000
Y4 172.749 -0.008 0.000
X4 174.995 0.000 0.009
X5 205.925 0.000 -0.030
Y5 208.183 0.022 0.000
Y6 238.999 0.012 0.000
X6 241.242 0.000 -0.033
X7 271.248 0.000 0.015
Y7 273.517 0.021 0.000
Y8 303.456 -0.051 0.000
X8 305.771 0.000 -0.010
X9 335.776 0.000 0.051
Y9 338.265 0.000 0.000
Y10 368.159 0.037 0.000
X10 370.565 0.000 0.000
X11 400.307 0.000 -0.009
Y11 402.865 0.000 0.000
Y12 432.761 -0.020 0.000
X12 435.165 0.000 0.000
X13 464.970 0.000 -0.045
Y13 467.465 0.000 0.000
Y14 497.240 0.000 0.000
X14 499.765 0.000 0.000
X15 529.540 0.000 0.000
Y15 532.065 0.000 0.000
Y16 561.840 0.000 0.000
X16 564.365 0.000 0.000
X17 594.140 0.000 0.000
Y17 596.665 0.000 0.000
