COMMENTS: Created on the 05/12/05
COMMENTS: Axes are: Energy and Angle
COMMENTS: PDFs are: Cut Value and TKR Plane (3x16)
COMMENTS: Parameters are: CAL Last Layer Coefficient(1), Log Normal Parameters(4)
COMMENTS: Log Normal Parameters are: Norm, MPV, Width, Tail
#PDFs: 32 #Parameters: 5
AXES:
2
13 5
200 300 500 900 1000 2000 3000 5000 9000 10000 20000 30000 50000
0.84804809615642596 0.89879404629916704 0.95105651629515353 0.98480775301220802 1
PDF: Cut Value 0 and TKR Plane 2
2.83954 0.885238 167.626 17.0743 -0.285536 
0.610909 0.937193 168.861 11.4525 -0.560371 
0.27554 0.954761 167.404 10.9442 -0.475249 
0.451643 0.957328 167.072 11.6664 -0.463209 
0.314679 0.962543 166.528 12.1061 -0.505258 
0.92498 0.992118 257.209 18.2383 -0.571244 
1.02016 0.958093 257.93 17.7845 -0.47282 
0.387009 0.973642 254.697 16.2892 -0.495294 
0.203832 0.97068 251.609 16.913 -0.475505 
0.504397 0.960535 252.268 17.9788 -0.448567 
0.372687 0.998482 427.72 26.7927 -0.506224 
0.633219 0.982133 429.939 27.1843 -0.464088 
0.614982 0.977906 428.155 26.9189 -0.440713 
0.469843 0.975547 422.18 28.4762 -0.431969 
0.620847 0.96647 422.489 29.6177 -0.413675 
0.572784 0.984151 773.552 43.9809 -0.397773 
0.634316 0.983348 770.516 46.932 -0.409053 
0.781723 0.981842 770.742 49.3979 -0.397169 
0.910232 0.96931 765.247 52.737 -0.350156 
0.828023 0.97247 757.727 54.8598 -0.387131 
0.632926 0.983418 861.542 47.3631 -0.394724 
0.60697 0.984603 854.661 51.0462 -0.415823 
0.863229 0.977767 859.927 52.5754 -0.438436 
0.901327 0.974403 849.788 58.1986 -0.377625 
0.978677 0.969004 848.439 60.1141 -0.40702 
0.812916 0.969709 1714.43 92.4859 -0.328191 
1.09168 0.977758 1720.97 105.852 -0.365086 
1.31531 0.969189 1728.96 110.096 -0.376596 
1.4694 0.97459 1725.2 119.136 -0.389103 
1.4922 0.975697 1705.91 126.575 -0.325644 
1.18725 0.962825 2619.22 138.689 -0.396084 
1.14076 0.973953 2568.16 153.94 -0.385569 
1.61426 0.96667 2609.61 169.903 -0.367892 
1.81426 0.969124 2608.86 186.689 -0.338364 
1.86431 0.9685 2594.21 193.845 -0.329741 
1.85766 0.963608 4538.51 235.89 -0.475068 
1.80164 0.963757 4423.21 265.723 -0.403102 
2.28797 0.96625 4515.5 303.869 -0.371843 
2.00182 0.97341 4326.62 316.347 -0.354499 
2.49433 0.970417 4472.42 348.078 -0.34575 
2.72005 0.940299 8611.42 474.447 -0.417032 
2.69744 0.955924 8437.46 537.838 -0.402648 
3.71778 0.951608 9022.75 646.083 -0.33654 
3.30305 0.964555 8567.59 649.891 -0.338529 
3.2264 0.969974 8410.13 681.378 -0.352083 
2.89887 0.916131 9714.02 515.531 -0.42786 
2.93536 0.937943 9539.69 588.191 -0.408372 
3.39766 0.958228 9716.56 693.102 -0.333145 
3.16869 0.972284 9354.72 716.902 -0.365237 
3.59156 0.968018 9610.89 778.758 -0.340742 
4.53793 0.893662 22059.8 1309.45 -0.347733 
5.34652 0.931511 23021 1636.41 -0.353096 
4.98634 0.942131 21907.5 1640.35 -0.346128 
5.10157 0.955282 21660.7 1739.97 -0.358813 
5.59624 0.963929 22390.2 1925.09 -0.351479 
4.79577 0.901382 33776.7 2103.5 -0.445226 
5.25071 0.930161 34181.2 2305.78 -0.456396 
6.44454 0.952559 36586.6 3010.17 -0.390405 
6.59446 0.964267 36265.8 3145.24 -0.361558 
5.61117 0.967094 33032.4 2981.11 -0.387104 
6.59928 0.882674 64984.6 4098.03 -0.430822 
7.20138 0.909364 65810 4980.76 -0.407988 
7.84455 0.948776 66869.6 5459.78 -0.462122 
7.70963 0.954983 63847.9 6119.61 -0.316292 
7.48978 0.954429 62395.2 6153.68 -0.356115 
PDF: Cut Value 0 and TKR Plane 3
3.26448 0.898256 157.164 19.469 -0.264958 
1.61714 0.930683 160.389 15.8366 -0.443657 
0.198759 0.954106 159.787 12.7855 -0.50595 
0.400084 0.959301 160.452 12.8325 -0.508499 
0.353265 0.946985 159.818 13.3216 -0.494956 
0.272379 0.990242 243.28 19.6401 -0.528596 
1.15297 0.95504 247.96 20.5437 -0.412407 
0.545141 0.958457 247.733 17.7529 -0.479218 
0.402616 0.957945 246.004 17.9343 -0.454296 
0.543945 0.949227 246.44 18.9289 -0.473921 
0.706175 0.978204 420.377 27.0687 -0.443697 
0.631039 0.977502 421.505 27.8421 -0.502497 
0.641012 0.967262 420.551 28.2382 -0.432767 
0.563907 0.967731 418.334 28.0864 -0.445469 
0.719878 0.956202 417.48 30.5868 -0.409903 
0.636361 0.981057 767.769 43.1004 -0.415331 
0.592484 0.976408 760.494 46.4338 -0.391674 
0.734055 0.982737 763.634 49.3755 -0.449554 
0.776239 0.969205 757.703 50.3816 -0.396974 
0.853004 0.970477 756.241 54.3029 -0.41884 
0.676636 0.985337 856.651 46.6462 -0.448471 
0.703609 0.985471 849.681 52.2602 -0.411604 
0.734436 0.971844 844.985 54.1848 -0.380203 
0.89421 0.968661 844.855 56.9834 -0.379232 
0.927431 0.975422 840.883 61.3569 -0.395155 
0.891996 0.970803 1721.19 90.686 -0.357473 
1.0645 0.96809 1718.11 98.2994 -0.377213 
1.12428 0.981245 1705.38 109.568 -0.40186 
1.38788 0.965796 1713.59 115.514 -0.347629 
1.55884 0.977474 1719.68 124.943 -0.373815 
1.15724 0.964827 2611.76 130.549 -0.368819 
1.30067 0.973987 2602.44 144.681 -0.431406 
1.55485 0.975068 2604.4 166.649 -0.390019 
1.66392 0.972652 2593.56 174.44 -0.379471 
1.80536 0.977062 2593.03 188.012 -0.361952 
1.76472 0.958351 4490.21 227.946 -0.392336 
1.89221 0.958962 4456.65 255.199 -0.362021 
2.16357 0.973222 4474.87 294.327 -0.38483 
2.29059 0.970655 4454.31 307.631 -0.371712 
2.4819 0.969976 4472.96 332.158 -0.337499 
2.31757 0.959079 8368.83 428.853 -0.467174 
2.98444 0.947865 8647.73 505.561 -0.396395 
2.99476 0.957993 8490.16 568.861 -0.378152 
3.04969 0.962884 8413.33 590.853 -0.377483 
3.13023 0.964768 8356.51 628.711 -0.330788 
2.5726 0.950362 9460.19 511.055 -0.424459 
2.91418 0.950257 9537.69 566.959 -0.388066 
3.34721 0.962401 9683.95 668.383 -0.35029 
3.18894 0.968997 9407.81 676.311 -0.362147 
3.18845 0.968879 9297.09 723.45 -0.342939 
4.00852 0.89357 20963.2 1166.09 -0.305315 
4.33263 0.918015 21204.7 1284.57 -0.33533 
5.05093 0.943528 22051.4 1549.25 -0.391958 
4.67995 0.97731 21042.4 1641.43 -0.438953 
6.46512 0.964323 23960 1994.85 -0.320044 
4.4166 0.915034 32621.5 1814.42 -0.44879 
5.38117 0.914946 34393.8 2262.01 -0.307915 
5.15957 0.937305 32859.8 2547.6 -0.359845 
7.41017 0.947382 38567.3 3145.04 -0.293444 
6.86984 0.967429 36789.6 3229.63 -0.372916 
5.99736 0.906906 61606.2 3674.96 -0.414977 
5.61177 0.912115 57939.8 3951.52 -0.418392 
7.69567 0.934935 66101.8 5469.71 -0.374414 
7.0739 0.962244 61439.5 5558.17 -0.377567 
7.81266 0.970767 64444.3 6229.18 -0.410998 
PDF: Cut Value 0 and TKR Plane 4
1.01564 0.974428 146.684 18.7091 -0.447799 
0.553219 0.976817 149.152 17.3645 -0.487597 
0.179076 0.95916 151.021 15.4155 -0.494161 
1.64562e-10 0.956377 151.082 14.8371 -0.47854 
0.352156 0.953954 152.262 15.4189 -0.496239 
0.50865 0.978017 232.253 22.6357 -0.454935 
0.575906 0.973386 235.39 21.6994 -0.461924 
0.326366 0.963293 237.059 20.2604 -0.470904 
0.281593 0.955931 237.31 19.4788 -0.444151 
0.508182 0.946922 238.862 20.2675 -0.482828 
0.492904 0.977068 405.636 30.0501 -0.427788 
0.753912 0.976665 410.239 30.644 -0.442126 
0.259434 0.971507 406.396 29.576 -0.472194 
0.573768 0.961047 410.378 29.2379 -0.433616 
0.468771 0.96062 406.847 31.1841 -0.454215 
0.640018 0.981239 753.933 46.1738 -0.399662 
0.647238 0.982508 752.509 47.8921 -0.421398 
0.738711 0.978244 752.338 50.2474 -0.417888 
0.769474 0.964786 752.572 49.6874 -0.429524 
1.02106 0.966511 755.888 54.4539 -0.431733 
0.362776 0.985958 833.618 48.8131 -0.425096 
0.68187 0.978846 836.964 53.2987 -0.392412 
0.776973 0.976481 838.586 54.6854 -0.42094 
0.970311 0.966336 842.433 55.9185 -0.38754 
0.921536 0.965634 834.289 59.3457 -0.396314 
0.750254 0.971671 1700.88 87.2319 -0.385842 
1.01528 0.974646 1706.25 95.5051 -0.390868 
1.15827 0.981148 1701.11 107.905 -0.402317 
1.34183 0.969224 1706.89 110.675 -0.378274 
1.43799 0.975762 1701.68 120.297 -0.380627 
1.13485 0.980553 2601.2 130.202 -0.392899 
1.23803 0.975492 2578.92 144.293 -0.362154 
1.43296 0.979808 2577.33 162.651 -0.387039 
1.63443 0.975848 2589.78 169.048 -0.382938 
1.92373 0.971252 2606.06 187.183 -0.325053 
1.54302 0.966062 4430.26 209.52 -0.439471 
1.78811 0.973965 4420.52 252.363 -0.373185 
1.98857 0.962229 4405.18 276.698 -0.339551 
2.13164 0.967057 4406.26 291.922 -0.354994 
2.15532 0.980868 4381.94 315.265 -0.388808 
2.24105 0.954843 8303.71 401.143 -0.440499 
2.5264 0.957735 8340.78 460.784 -0.401453 
2.91251 0.96543 8442.9 539.666 -0.399972 
3.19475 0.955658 8523.72 566.201 -0.378241 
3.31249 0.96968 8514.33 618.865 -0.364617 
2.43042 0.945787 9330 459.22 -0.385111 
2.77747 0.953092 9435.02 534.671 -0.388953 
2.84751 0.958648 9311.35 588.378 -0.393042 
3.16333 0.967832 9412.64 654.812 -0.344776 
3.38055 0.97111 9482.34 699.348 -0.339978 
3.05128 0.937235 19476.7 983.269 -0.455112 
4.23803 0.9097 20969.9 1216.47 -0.302899 
4.73175 0.952778 21467.9 1481.61 -0.411112 
5.16093 0.948893 21870 1587.12 -0.359761 
4.62488 0.965189 20639.9 1656.06 -0.338675 
3.88044 0.9157 31122.4 1613.2 -0.451787 
4.77129 0.924042 32763 2049.83 -0.359528 
5.56717 0.936031 34152.8 2414.25 -0.393324 
7.60415 0.950705 39167.9 3094.14 -0.339642 
5.41009 0.975325 32808.2 2740.09 -0.421215 
4.75301 0.916136 55334.3 3199.2 -0.423564 
6.69005 0.926634 63317.7 4306.49 -0.389182 
6.6527 0.95205 61274.2 4867.19 -0.446686 
6.15506 0.968923 57292.6 4872.87 -0.42723 
6.88177 0.950687 60220.3 5324.1 -0.364287 
PDF: Cut Value 0 and TKR Plane 5
0.309723 0.993906 134.823 21.0771 -0.443414 
0.627366 0.982566 138.919 20.3112 -0.44055 
0.289257 0.972741 141.706 18.5559 -0.485769 
2.11404e-10 0.96143 142.641 17.4174 -0.47014 
2.84463e-10 0.959937 142.651 17.9418 -0.482478 
1.25231 0.968763 223.463 26.128 -0.406105 
4.25155e-10 0.981939 221.941 24.1203 -0.490699 
3.77191e-10 0.972316 224.782 23.4043 -0.484381 
0.0727425 0.953864 226.601 22.0766 -0.442572 
0.0944464 0.951847 226.561 22.7932 -0.475301 
0.412168 0.982237 391.512 33.2669 -0.441716 
0.545053 0.976618 395.68 33.0855 -0.440881 
0.467294 0.969803 397.612 32.2344 -0.464349 
0.53143 0.953896 398.612 32.1256 -0.397821 
0.589183 0.947979 398.267 33.5782 -0.421569 
0.547721 0.985821 735.546 49.3125 -0.393898 
0.629161 0.978594 737.275 50.5312 -0.403133 
0.724632 0.976053 740.371 51.9154 -0.430474 
0.739798 0.959864 739.562 51.4485 -0.404263 
0.879386 0.957613 740.274 55.4358 -0.414236 
0.671143 0.974791 822.64 52.9544 -0.364916 
0.664381 0.980726 823.202 54.5559 -0.402709 
0.747513 0.971763 825.215 56.7253 -0.410037 
0.826251 0.95941 825.656 57.2314 -0.378853 
0.850127 0.964662 822.896 59.8792 -0.437547 
0.780661 0.975961 1685.67 89.9603 -0.378599 
1.01483 0.978465 1689.69 99.4443 -0.358692 
1.06169 0.979449 1678.22 107.636 -0.377499 
1.36118 0.971689 1701.89 110.486 -0.379465 
1.51474 0.973209 1700.31 119.752 -0.365738 
0.892536 0.975853 2550.34 129.835 -0.388044 
1.07858 0.974846 2541.12 141.695 -0.362892 
1.32025 0.977298 2547.8 154.599 -0.39375 
1.75737 0.970838 2600.17 167.814 -0.349142 
1.77076 0.973607 2580 179.173 -0.370092 
1.43713 0.971858 4375.95 210.735 -0.416477 
1.62908 0.965744 4371.72 231.416 -0.399867 
1.9298 0.970472 4391.52 266.742 -0.380705 
2.28899 0.969286 4467.28 287.449 -0.358535 
2.25303 0.9748 4408.68 305.547 -0.353373 
2.22931 0.958764 8268.16 396.141 -0.425004 
2.42441 0.957114 8265.67 445.007 -0.394315 
2.69073 0.968752 8296.41 506.935 -0.424414 
2.84525 0.960604 8260.28 536.535 -0.3197 
3.14656 0.967792 8392.21 588.714 -0.346979 
1.92765 0.962631 8998.19 435.936 -0.459622 
2.44696 0.952081 9183.42 488.309 -0.384875 
2.77216 0.963136 9256.62 565.321 -0.417476 
3.1606 0.963387 9435.43 610.317 -0.388043 
3.36766 0.97435 9471.95 671.406 -0.338802 
3.49004 0.940063 20146.5 1016.69 -0.501126 
3.84777 0.921061 20361.7 1137.24 -0.357308 
4.07776 0.952832 20380.5 1271.95 -0.457997 
4.86221 0.962934 21328.2 1524.57 -0.337064 
4.95535 0.965497 21193.6 1601.3 -0.324464 
3.715 0.92263 30647.2 1553.09 -0.447706 
4.03435 0.945344 30882.5 1840.2 -0.487653 
5.5714 0.938008 34044.7 2378.25 -0.347731 
6.03472 0.95334 34750.9 2604.06 -0.334671 
6.45537 0.962968 35560.1 2761.29 -0.347834 
4.78447 0.913601 55531.9 3051.28 -0.46929 
6.78247 0.914786 63494.2 4156.43 -0.365548 
7.92188 0.93306 67306.5 4955.35 -0.367956 
6.45144 0.973912 58854.2 4811.01 -0.412837 
7.16574 0.967028 61786 5085.42 -0.40761 
PDF: Cut Value 0 and TKR Plane 6
0.410301 0.983185 126.723 22.8867 -0.350965 
2.9278e-10 0.993486 129.99 22.0819 -0.412828 
1.84282e-10 0.97824 133.586 20.3952 -0.44938 
1.45541e-10 0.973875 135.162 20.397 -0.438537 
2.47362e-10 0.962486 137.39 20.1049 -0.504035 
0.516092 0.983678 212.137 27.5277 -0.433473 
0.822623 0.967944 216.524 26.4542 -0.391251 
1.84619e-09 0.968346 216.299 25.3029 -0.448124 
1.84619e-09 0.959437 218.605 24.6423 -0.448464 
0.237708 0.937137 221.936 24.5224 -0.474717 
0.350056 0.981284 382.142 35.7783 -0.447556 
1.84619e-09 0.983642 380.58 35.125 -0.431357 
0.297891 0.965559 387.284 33.3057 -0.466696 
0.192605 0.949575 384.553 33.5247 -0.398102 
0.100229 0.938509 384.896 34.9213 -0.453692 
0.568026 0.977216 723.364 52.4404 -0.365419 
0.532632 0.973115 725.011 52.4955 -0.399419 
0.640241 0.961851 727.816 51.747 -0.396292 
0.623004 0.965715 727.749 52.2239 -0.438063 
0.856609 0.945364 731.213 56.5191 -0.401771 
0.501856 0.960092 806.543 54.3042 -0.345972 
0.926363 0.972204 822.349 56.2721 -0.413608 
0.7017 0.968461 815.015 56.3737 -0.4462 
0.816594 0.954181 815.342 58.7409 -0.393259 
0.684535 0.955803 809.032 60.4674 -0.44035 
0.813876 0.968079 1672.92 91.2532 -0.357826 
0.933411 0.970803 1672.32 98.1346 -0.376507 
1.17394 0.969413 1684.71 103.871 -0.389525 
1.30391 0.974133 1688.77 109.9 -0.419707 
1.45026 0.957122 1690.36 118.374 -0.371355 
1.39798 0.977296 2609.64 131.446 -0.394904 
1.11939 0.965117 2538.81 137.886 -0.375367 
1.29317 0.967934 2534.25 153.033 -0.385972 
1.52617 0.970618 2547.65 165.74 -0.373813 
1.80204 0.96681 2575.31 178.635 -0.343756 
1.52984 0.961906 4383.77 197.423 -0.388595 
1.61455 0.971004 4360.1 229.037 -0.401654 
1.99718 0.965931 4419.56 253.341 -0.426284 
2.18986 0.966651 4439.35 274.438 -0.41767 
2.08405 0.97302 4355.53 287.912 -0.378752 
1.45996 0.947732 7823.17 364.641 -0.396191 
2.17438 0.954044 8090.67 417.348 -0.365771 
2.34681 0.961699 8077.68 476.686 -0.414403 
2.79245 0.961996 8232.12 519.094 -0.353267 
3.06341 0.960471 8358.62 566.773 -0.356657 
2.06813 0.953315 9058.55 420.082 -0.378895 
2.36568 0.958843 9126.89 471.664 -0.401118 
2.61534 0.960227 9133.05 537.66 -0.422349 
3.0229 0.94532 9308.56 576.075 -0.35038 
2.82767 0.968456 9051.95 640.675 -0.320868 
2.93928 0.895988 19210.3 885.565 -0.346958 
3.64066 0.91095 19982.8 1057.34 -0.352306 
4.66092 0.935289 21271.5 1313.93 -0.359048 
4.68853 0.947523 21024.1 1387.51 -0.389355 
4.31684 0.965982 20186.3 1448.39 -0.389855 
3.89198 0.91199 30923.6 1562.19 -0.308822 
5.13147 0.874365 33413.3 1881.78 -0.237701 
4.34565 0.933484 31013.1 1890.93 -0.459964 
5.56219 0.946069 33473.3 2408.89 -0.314412 
5.74212 0.936911 33667.4 2401.16 -0.375805 
3.14625 0.898519 48205.8 2437.02 -0.410607 
5.90762 0.927851 59473.4 3440.83 -0.448559 
6.73927 0.941214 61857.5 4210.24 -0.446282 
7.66849 0.935809 64758 4903.57 -0.316417 
7.10602 0.941569 61545.9 4790.7 -0.422651 
PDF: Cut Value 0 and TKR Plane 7
1.84619e-09 0.987851 121.507 23.9541 -0.331412 
1.28036e-10 0.982517 125.962 22.485 -0.381535 
0.144234 0.987449 129.652 22.2584 -0.418423 
0.44338 0.974696 134.525 21.3517 -0.461995 
0.16298 0.959629 134.789 21.178 -0.480985 
0.926518 0.97429 207.95 29.476 -0.363264 
1.84619e-09 0.974455 207.589 27.6369 -0.38237 
1.84619e-09 0.964757 211.696 26.3005 -0.39661 
1.84619e-09 0.973818 215.688 25.8043 -0.472764 
0.296425 0.938589 218.73 25.8892 -0.466927 
0.0589976 0.987201 372.452 37.6227 -0.435618 
0.613799 0.972461 381.333 36.8877 -0.406987 
0.474792 0.964293 381.718 35.656 -0.371191 
0.744587 0.953933 386.649 36.3482 -0.365825 
0.27786 0.929369 384.46 35.0024 -0.448252 
1.34697e-10 0.976575 703.27 53.4777 -0.376334 
0.516732 0.975802 716.219 53.8925 -0.392839 
0.475799 0.968821 715.526 53.9355 -0.40767 
0.714663 0.944393 721.058 53.2474 -0.364111 
0.655921 0.943032 721.561 56.1741 -0.423066 
2.21384e-10 0.976697 785.71 56.6377 -0.37178 
0.379673 0.977824 797.245 57.7104 -0.40246 
0.730439 0.967066 809.063 57.7687 -0.409329 
0.608263 0.975029 802.468 60.411 -0.43058 
1.01657 0.947553 818.464 62.3523 -0.448292 
1.02396 0.987997 1680.45 95.7923 -0.3637 
1.07325 0.982372 1675.71 101.832 -0.373028 
1.20223 0.964725 1675.67 107.536 -0.346759 
1.47517 0.964878 1695.52 111.752 -0.362357 
1.48327 0.964232 1691.36 119.633 -0.407447 
0.848065 0.973519 2517.55 130.488 -0.377832 
0.977082 0.96957 2504.36 143.34 -0.345231 
0.928807 0.985279 2473.67 158.491 -0.393415 
1.71414 0.960015 2569.29 167.915 -0.305349 
1.86894 0.970074 2591.61 179.252 -0.394072 
1.11816 0.969513 4266.64 213.842 -0.388818 
1.73094 0.960331 4383.54 231.73 -0.370305 
1.87974 0.967714 4366.48 256.636 -0.373396 
2.00747 0.964266 4342.45 274.102 -0.326708 
1.92265 0.966061 4301.68 286.819 -0.396036 
2.13509 0.943407 8185.77 374.371 -0.396306 
2.61196 0.946591 8340.21 447.31 -0.337468 
2.71513 0.961512 8309.87 486 -0.410343 
2.79981 0.972607 8262.89 525.672 -0.401955 
3.03007 0.957903 8328 558.788 -0.367763 
2.26253 0.95616 9162.63 445.403 -0.377767 
2.36697 0.953571 9108.52 490.022 -0.382727 
2.80351 0.95231 9282.71 530.496 -0.408055 
3.31476 0.96017 9487.06 621.313 -0.315518 
3.08215 0.970977 9264.86 641.802 -0.371075 
3.17179 0.901875 19608.8 910.893 -0.431703 
3.57761 0.922759 19767.6 1076.42 -0.311342 
4.51766 0.928705 21039.6 1311.58 -0.367621 
4.17283 0.9483 20146.7 1376.75 -0.372829 
4.59105 0.968103 20597.8 1532.34 -0.324627 
3.46518 0.892008 29823.6 1466.2 -0.338435 
4.12082 0.913927 30821.3 1767.93 -0.291728 
5.60878 0.937035 34376.7 2252.82 -0.400488 
5.01548 0.957511 31975.3 2297.83 -0.350906 
6.96014 0.952639 36805.9 2852.89 -0.281116 
4.26714 0.890002 53189.1 2665.95 -0.440247 
5.48285 0.911328 57714.7 3459.14 -0.508608 
6.38585 0.895684 59796.6 4034.88 -0.3445 
7.75764 0.909324 64798.3 4800.41 -0.276131 
5.58695 0.940186 54284.1 4459.86 -0.35715 
PDF: Cut Value 0 and TKR Plane 8
1.84619e-09 0.9937 117.771 25.3114 -0.3227 
2.04172e-10 0.993624 121.956 24.4052 -0.370566 
0.00503064 0.986327 125.433 23.1199 -0.390263 
2.57818e-10 0.983587 129.365 22.664 -0.446996 
0.47329 0.957983 133.183 22.4437 -0.467367 
1.84619e-09 0.979105 200.101 29.8535 -0.355915 
3.34495e-10 0.981818 206.248 28.5829 -0.456207 
0.202455 0.969074 208.872 27.4935 -0.414055 
4.14827e-09 0.949585 209.689 26.9887 -0.368969 
0.132631 0.941952 215.018 26.4776 -0.467195 
0.455123 0.977035 370.075 38.5991 -0.367801 
0.523501 0.969522 374.994 37.9426 -0.379223 
3.33314e-09 0.968975 372.395 36.2102 -0.432397 
0.173604 0.962245 374.991 37.0038 -0.396165 
1.00525e-10 0.934897 376.963 36.9974 -0.452872 
0.00595185 0.97465 696.596 55.2277 -0.355052 
0.52476 0.973383 710.782 54.8166 -0.3763 
0.297968 0.967816 705.803 55.4618 -0.395906 
0.467781 0.963263 708.119 55.9224 -0.375132 
0.70567 0.94001 717.966 57.4003 -0.392018 
0.719773 0.962864 796.748 59.5665 -0.319755 
0.352987 0.976581 794.639 59.0371 -0.439213 
0.643338 0.970341 799.623 59.6373 -0.41089 
0.880467 0.951745 806.555 59.5407 -0.359565 
0.880972 0.941712 807.415 62.1344 -0.4026 
0.873354 0.970121 1663.47 92.6159 -0.354519 
0.920646 0.969067 1657.2 98.6977 -0.358135 
0.946171 0.967554 1650.39 105.725 -0.400521 
0.892606 0.97004 1630.13 112.019 -0.373645 
1.13729 0.960621 1655.46 115.691 -0.41289 
1.10914 0.971015 2544.39 129.891 -0.369894 
1.23147 0.977395 2549.62 140.427 -0.436621 
1.30613 0.973345 2522.73 152.044 -0.361257 
1.7449 0.973217 2573.8 168.067 -0.364368 
1.82527 0.969312 2582.21 175.12 -0.405723 
1.16403 0.961903 4276.17 202.387 -0.391722 
1.58423 0.972478 4340.64 231.67 -0.423824 
2.04628 0.966144 4405.2 263.906 -0.37185 
2.31064 0.970714 4450.27 285.078 -0.365128 
2.28774 0.964065 4392.31 302.471 -0.327653 
1.82764 0.968079 8012.48 384.546 -0.444755 
2.51834 0.963309 8296.02 443.198 -0.407869 
2.73776 0.962728 8304.75 488.126 -0.399616 
3.02324 0.949809 8367.54 532.006 -0.326724 
2.91584 0.969362 8237.21 558.713 -0.371267 
2.30948 0.963941 9217.78 415.328 -0.466392 
2.10108 0.950675 8924.06 466.567 -0.39809 
2.69126 0.951195 9175.06 517.289 -0.389232 
3.13112 0.959978 9398.78 582.543 -0.394493 
3.14078 0.969047 9295.3 654.776 -0.346103 
3.16497 0.919002 19639 857.156 -0.456816 
3.27227 0.940111 19473.6 1012.1 -0.488725 
4.45849 0.945483 20884.3 1302.92 -0.370059 
4.33964 0.943282 20326.8 1319.22 -0.298208 
4.60633 0.965639 20631 1531.43 -0.362764 
3.3901 0.907397 29973.2 1456.45 -0.517651 
5.47467 0.880328 34225.8 1956.33 -0.24531 
4.98135 0.929958 32504.5 1963.79 -0.331411 
4.86739 0.972839 31648.9 2271.35 -0.377393 
5.97465 0.969818 34333.2 2569.62 -0.416661 
4.60617 0.866654 54766.5 2566.4 -0.484066 
6.70019 0.8885 63130.9 3685.29 -0.399382 
4.83281 0.93568 52816 3466.81 -0.449049 
7.56586 0.961279 64332.4 4757.31 -0.398929 
7.24462 0.954267 62316.3 5003.94 -0.421904 
PDF: Cut Value 0 and TKR Plane 9
2.14059e-10 1.00091 114.033 26.3136 -0.297125 
1.84619e-09 0.997319 118.013 25.3331 -0.33755 
1.41555e-10 0.991482 122.128 24.5244 -0.378845 
1.84619e-09 0.991726 126.804 23.5099 -0.459451 
0.152142 0.980157 129.953 23.2073 -0.510387 
1.84619e-09 0.983826 194.895 31.9472 -0.336543 
0.241149 0.979371 200.342 30.2363 -0.350194 
2.37989e-10 0.972774 204.955 28.4713 -0.434883 
0.176352 0.96329 208.467 28.2109 -0.435421 
0.206416 0.946352 213.169 27.2961 -0.516833 
0.0374089 0.97586 358.188 40.2696 -0.325435 
0.441169 0.972586 368.988 38.7784 -0.387213 
0.325624 0.967019 370.72 37.3723 -0.388937 
1.99305e-10 0.964747 368.43 38.8219 -0.382718 
0.526736 0.934201 381.629 37.6215 -0.466185 
0.433778 0.96907 696.262 55.3549 -0.305923 
0.679815 0.979267 711.416 56.8671 -0.403318 
0.575356 0.969364 710.1 55.7652 -0.415151 
0.805017 0.972827 718.621 58.8352 -0.440838 
0.615243 0.943504 712.581 58.4365 -0.443473 
1.84619e-09 0.968608 769.878 58.5218 -0.329136 
1.07108 0.970958 800.637 63.1188 -0.302069 
0.316068 0.968755 781.928 61.4647 -0.403771 
0.747687 0.955786 795.961 61.0401 -0.382872 
0.723921 0.930663 798.792 60.7253 -0.450792 
0.48699 0.981168 1621.11 95.2428 -0.346648 
1.05604 0.971721 1656.05 103.991 -0.307532 
0.93173 0.971284 1642.31 105.153 -0.371826 
1.19245 0.961353 1655.58 110.796 -0.387272 
1.3186 0.949011 1658.52 118.124 -0.34245 
0.821398 0.970401 2493.93 131.711 -0.392188 
1.10419 0.980134 2516.61 145.538 -0.393267 
1.18627 0.961803 2499.05 152.264 -0.361151 
1.35038 0.972229 2514.03 159.262 -0.40371 
1.59784 0.960297 2533.58 174.904 -0.387237 
1.34327 0.975139 4296.41 216.086 -0.362983 
1.43629 0.966637 4288.53 220.923 -0.415591 
1.93435 0.960749 4357.13 256.047 -0.324559 
2.1455 0.969924 4406.51 270.362 -0.394672 
2.06521 0.954572 4324.84 285.748 -0.341717 
1.69455 0.970798 7918.02 377.219 -0.432825 
2.326 0.954351 8164.09 415.148 -0.378248 
2.40313 0.950527 8064.43 470.007 -0.308503 
2.77363 0.962979 8227.43 500.41 -0.400762 
3.55277 0.960403 8618.62 604.916 -0.313167 
1.6875 0.961866 8808.35 410.623 -0.499113 
2.60228 0.948672 9247.28 484.962 -0.354804 
2.90321 0.955861 9274.27 557.704 -0.320056 
3.0707 0.959598 9290.75 594.504 -0.299939 
3.48208 0.951464 9533.72 633.515 -0.308994 
3.40835 0.928272 19981.7 993.358 -0.526526 
3.51416 0.920007 19787.7 979.713 -0.404673 
4.28483 0.934648 20747.3 1176.96 -0.47363 
4.38613 0.945645 20393.3 1383.14 -0.283876 
4.79912 0.945887 20925.7 1501.13 -0.323894 
3.51095 0.916052 30079.4 1504.55 -0.486463 
4.40489 0.919561 31710.4 1696.08 -0.395271 
4.94491 0.881413 32298 1826.2 -0.256895 
5.59286 0.940076 33404.8 2342.65 -0.282838 
3.37935 0.969436 27441.2 2130.03 -0.423555 
3.61837 0.905092 50209 2679.52 -0.482022 
5.68127 0.916668 58375.6 3409.64 -0.429596 
7.92818 0.899795 66917.3 4681.37 -0.30469 
7.88036 0.924903 65784.9 4826.68 -0.358465 
7.10149 0.950652 61438.8 5008.16 -0.413936 
PDF: Cut Value 0 and TKR Plane 10
0.0134525 1.00108 110.459 26.8211 -0.29986 
0.274294 1.00381 116.09 26.4102 -0.340239 
1.17172 0.992326 122.322 26.1375 -0.374999 
0.375115 0.996405 124.622 24.5361 -0.482514 
0.0157403 0.989261 126.154 24.7107 -0.496727 
0.206624 0.987856 190.789 32.7674 -0.334496 
1.84619e-09 0.986949 195.554 31.6185 -0.352522 
0.102828 0.978206 201.055 29.8899 -0.407869 
1.8265e-10 0.976347 203.904 29.5058 -0.444162 
2.91668e-09 0.939323 208.188 28.1771 -0.495132 
0.510973 0.978245 356.346 42.377 -0.322338 
1.84619e-09 0.977611 358.519 40.0447 -0.377819 
2.49502e-10 0.9691 362.313 39.2129 -0.398452 
1.81741e-10 0.958451 365.252 39.779 -0.392135 
0.496829 0.925665 377.159 38.4032 -0.439056 
0.326402 0.981494 689.098 58.0058 -0.369271 
0.317477 0.976188 693.585 57.6407 -0.361895 
0.281119 0.96193 693.823 57.9003 -0.366891 
1.09727 0.955609 721.447 59.8338 -0.417176 
0.721246 0.931634 712.548 57.5256 -0.420289 
0.780913 0.967974 782.556 59.804 -0.330396 
0.320433 0.984032 778.2 62.8931 -0.395253 
0.722805 0.96707 788.642 62.5859 -0.382899 
0.72965 0.966838 793.69 62.7029 -0.424677 
0.845373 0.928877 798.682 62.1198 -0.435794 
0.864037 0.966452 1642.83 95.2847 -0.353099 
0.876502 0.973451 1645.34 99.0623 -0.408643 
0.990498 0.971794 1641.27 107.161 -0.384728 
1.3493 0.969422 1666.07 113.956 -0.401695 
1.27615 0.962123 1655.08 121.148 -0.429328 
0.929327 0.972231 2500.65 135.966 -0.355416 
1.17162 0.980311 2522.13 140.295 -0.412893 
1.04037 0.968963 2482.6 151.738 -0.41284 
1.77337 0.958353 2561.89 167.61 -0.350392 
1.68869 0.968938 2550.45 176.429 -0.420237 
1.2369 0.965745 4261.68 206.554 -0.374007 
1.30653 0.964001 4238.74 227.047 -0.39374 
1.75056 0.969715 4308.08 252.755 -0.391616 
1.99888 0.97404 4348.18 267.953 -0.384486 
2.51511 0.966219 4469.63 305.204 -0.37699 
1.89146 0.958223 8030.2 373.397 -0.423868 
2.39701 0.951414 8209.45 415.134 -0.407193 
2.31074 0.963899 8031.28 455.298 -0.431123 
2.68435 0.95935 8155.19 504.582 -0.366867 
2.90723 0.962346 8229.09 553.273 -0.372124 
1.91996 0.942109 8902.38 399.782 -0.363455 
2.35417 0.959655 9063.67 480.584 -0.372617 
2.65434 0.952641 9083.18 541.877 -0.295184 
2.65522 0.969122 9038.72 552.231 -0.399388 
2.86228 0.962033 9100.04 612.506 -0.403199 
2.73744 0.916621 18916 805.864 -0.472976 
3.38253 0.93331 19574.3 1061.96 -0.435952 
3.94439 0.932416 20021.4 1164.63 -0.338795 
4.15551 0.941445 20013.3 1302.82 -0.29656 
4.25303 0.950664 19991.8 1409.04 -0.326341 
4.17167 0.895659 31440.6 1632.71 -0.319034 
5.25281 0.913471 33768 1948.54 -0.304676 
4.99366 0.929778 32470.8 2050.89 -0.353646 
5.45167 0.927984 33065.4 2208.17 -0.307516 
5.8807 0.943663 33906.3 2509.11 -0.317287 
4.31093 0.902157 53060.8 2632.09 -0.365201 
5.37867 0.925186 56977.3 3363.82 -0.436013 
5.62731 0.914265 56385.4 3575.23 -0.368511 
7.47919 0.929737 63779.7 4519.95 -0.343378 
5.81936 0.942216 55719.7 4322.72 -0.399093 
PDF: Cut Value 0 and TKR Plane 11
0.362012 1.00222 106.265 27.9681 -0.283208 
0.0668564 1.00271 111.092 27.0906 -0.307007 
8.06021e-11 1.00439 115.6 26.1851 -0.387774 
0.303489 1.00294 120.625 26.2792 -0.432715 
1.85993e-10 1.01127 124.41 26.1974 -0.555507 
3.76355e-10 0.986772 183.259 34.1804 -0.295883 
2.23827e-09 0.979947 191.164 32.7611 -0.326396 
0.110024 0.972974 195.224 31.3502 -0.363857 
0.179013 0.966384 201.666 30.3659 -0.440401 
2.89444e-10 0.94363 204.507 29.6746 -0.475732 
2.12834e-10 0.981455 345.008 44.4024 -0.328721 
0.605807 0.983982 360.014 43.1684 -0.358952 
0.226435 0.965066 360.463 40.158 -0.367449 
0.0492535 0.973163 361.886 41.3641 -0.428188 
0.110619 0.927368 366.665 39.4748 -0.422385 
1.84619e-09 0.977973 674.302 60.0828 -0.352818 
0.384841 0.981306 692.313 58.1361 -0.407868 
0.607745 0.969439 697.195 59.3614 -0.363648 
0.466067 0.949662 692.752 58.7001 -0.35276 
0.648796 0.92392 703.659 58.7905 -0.402566 
0.684348 0.971244 773.651 63.7317 -0.337688 
0.282753 0.975556 771.242 62.6093 -0.405103 
0.372306 0.97726 775.41 63.6808 -0.431205 
0.748155 0.958298 786.787 64.3683 -0.398946 
0.679233 0.928882 786.957 64.1058 -0.392437 
0.618853 0.962634 1614.67 97.4627 -0.347205 
0.672782 0.968458 1616.79 104.281 -0.347769 
0.847552 0.977469 1624.24 106.47 -0.446032 
1.38218 0.960505 1660.73 113 -0.391066 
1.34571 0.942742 1653.91 118.061 -0.359722 
1.03182 0.97374 2505.27 132.692 -0.393977 
0.75976 0.982024 2457.73 140.03 -0.444564 
1.41686 0.965396 2521.62 153.782 -0.402422 
1.50445 0.97405 2522.79 164.184 -0.407223 
1.57826 0.959068 2522.8 174.195 -0.393147 
0.960717 0.962098 4179.2 204.09 -0.345267 
1.78016 0.950555 4340.06 227.571 -0.31459 
1.63382 0.963307 4250.61 255.558 -0.34035 
2.18353 0.964428 4387.67 276.571 -0.339282 
2.01214 0.957461 4311.96 280.458 -0.388576 
1.87924 0.96439 8011.52 356.941 -0.46408 
1.87773 0.97271 7891.86 404.042 -0.427079 
2.75157 0.958134 8252.44 491.924 -0.324426 
2.5362 0.968537 8072.87 490.429 -0.411608 
2.69999 0.960377 8108.13 532.445 -0.400593 
1.73888 0.943911 8826.73 378.324 -0.468537 
2.39544 0.961033 9081.8 475.883 -0.38495 
2.70711 0.931913 9137.99 508.122 -0.31744 
2.84278 0.966186 9169.14 551.592 -0.388865 
3.16765 0.961228 9298.76 614.894 -0.381278 
1.99017 0.959735 17811.8 832.681 -0.47769 
3.78021 0.919992 20108.9 1115.05 -0.343158 
4.70217 0.931236 21264.8 1255.31 -0.333689 
4.00988 0.947663 19771.4 1250.46 -0.291425 
5.34446 0.953007 21836.7 1528.76 -0.326376 
2.83917 0.958374 28544.3 1332.82 -0.607519 
4.79628 0.931728 32635.6 1904.1 -0.398745 
3.4426 0.909482 28397.9 1719.31 -0.351262 
5.64228 0.933368 33807.5 2133.06 -0.386344 
6.66973 0.971423 36096.9 2598.3 -0.411361 
4.91114 0.888449 55630.5 2910.16 -0.353834 
4.58254 0.913955 53202.5 2940.42 -0.389581 
6.67627 0.925501 61177.1 4168.37 -0.373544 
5.70309 0.930103 55731 3821.46 -0.344126 
7.23226 0.948649 61783.8 4941.94 -0.355471 
PDF: Cut Value 0 and TKR Plane 12
1.84619e-09 1.00178 99.391 28.6055 -0.22471 
2.71621e-10 1.00534 106.645 27.6849 -0.297554 
1.84619e-09 1.00342 111.336 27.5017 -0.332733 
2.41885e-10 1.01621 116.549 27.4272 -0.457153 
0.427562 1.01652 122.458 27.2682 -0.529122 
0.565107 0.989745 180.84 36.0384 -0.280731 
0.204499 0.978522 185.401 33.0991 -0.300344 
1.34265e-10 0.977979 191.638 32.4501 -0.390959 
1.65711e-10 0.977706 196.076 32.1529 -0.43332 
0.0131285 0.955757 201.719 31.3358 -0.480599 
0.299825 0.975286 340.265 45.0962 -0.275091 
0.387847 0.973585 350.157 43.2425 -0.319915 
0.154359 0.973008 353.877 42.9275 -0.367947 
0.175173 0.961785 358.65 41.636 -0.379039 
0.0806894 0.934491 363.792 40.3599 -0.486181 
0.555826 0.974983 676.716 63.095 -0.318181 
3.58123e-10 0.976997 670.717 61.47 -0.34648 
0.305603 0.966325 681.315 60.63 -0.357065 
0.647717 0.95542 694.309 61.4263 -0.381204 
0.435495 0.931875 693.876 60.7523 -0.423687 
0.14379 0.976653 753.482 68.0088 -0.365325 
0.446671 0.978248 767.643 65.5041 -0.373208 
0.655635 0.965681 772.898 67.836 -0.347464 
0.514738 0.963636 773.514 65.1969 -0.398311 
0.727427 0.916835 786.976 63.6861 -0.455847 
1.84619e-09 0.970857 1558.07 103.436 -0.332143 
0.260024 0.972223 1576.89 102.839 -0.395687 
0.938095 0.978727 1623.4 113.661 -0.405309 
1.20473 0.96588 1638.27 112.704 -0.390431 
1.20865 0.947749 1639.93 116.727 -0.422264 
0.552241 0.968663 2426.06 137.592 -0.330218 
1.28679 0.972532 2511.33 144.808 -0.356492 
1.33622 0.975534 2503.62 158.33 -0.377241 
1.43489 0.978826 2506.95 163.902 -0.396758 
1.63292 0.960223 2529.69 175.191 -0.428931 
1.29485 0.961763 4258.16 208.44 -0.382852 
1.66597 0.971527 4324.07 228.083 -0.424423 
1.94125 0.960702 4341.13 255.02 -0.347999 
2.1094 0.968811 4361.17 267.52 -0.366917 
1.97799 0.962024 4292.05 289.58 -0.369724 
1.73868 0.961424 7904.98 355.869 -0.429768 
2.00136 0.957872 7945.75 393.834 -0.418618 
2.19817 0.963576 7956.28 446.27 -0.424079 
2.92188 0.951154 8294.14 489.688 -0.351659 
2.91913 0.960758 8200.16 547.385 -0.34531 
1.98016 0.952678 8904.93 416.453 -0.406272 
2.55748 0.954456 9163.68 471.09 -0.342444 
2.5524 0.956741 9039.39 520.823 -0.35985 
3.15945 0.96231 9347.53 569.271 -0.322641 
3.00871 0.966831 9186.38 624.437 -0.37806 
2.36892 0.934902 18380.5 841.166 -0.475744 
3.12948 0.928457 19151.9 1000.31 -0.422805 
3.58174 0.924407 19370.9 1103.76 -0.325012 
3.72307 0.937516 19312.4 1205.04 -0.323104 
4.05403 0.9621 19719.4 1408.95 -0.380906 
4.02432 0.881731 31029.5 1462.16 -0.330199 
5.33749 0.916803 34149.4 1829.06 -0.461562 
5.90385 0.916706 34871 2071.22 -0.358651 
5.67756 0.94042 33657 2216.33 -0.265958 
4.4526 0.962221 30229.9 2210.19 -0.382451 
3.33381 0.89929 48805.1 2365.72 -0.419271 
5.86008 0.918916 58939.4 3265.32 -0.399665 
6.35165 0.940673 59820.3 3961.52 -0.39927 
7.18993 0.928678 62623.8 4358.11 -0.363112 
7.88662 0.943688 64861.2 4950.53 -0.37275 
PDF: Cut Value 0 and TKR Plane 13
0.3503 1.00619 96.5267 29.7341 -0.202708 
0.0282299 1.01125 103.426 28.8992 -0.267081 
2.26442e-10 1.01317 108.677 28.5592 -0.345205 
1.84619e-09 1.02025 113.361 28.2324 -0.449955 
1.84619e-09 1.03257 117.942 28.3632 -0.54236 
0.541572 0.983576 177.139 35.7629 -0.316607 
1.84619e-09 0.98975 182.805 34.4892 -0.3259 
0.25315 0.987477 189.645 34.154 -0.380435 
3.97598e-10 0.983999 191.864 34.165 -0.405224 
1.74992e-10 0.946265 198.364 31.6705 -0.483973 
3.16744e-10 0.980366 333.014 46.9047 -0.301785 
2.32142e-10 0.975463 341.836 44.6721 -0.340523 
2.54215e-10 0.958086 346.752 42.1958 -0.33553 
0.577308 0.963087 359.169 44.2034 -0.404996 
0.293266 0.924052 361.518 41.8769 -0.427617 
0.0838805 0.97543 657.052 63.7882 -0.309123 
0.237082 0.985988 671.182 62.8391 -0.39591 
0.236089 0.968471 673.774 62.1825 -0.359628 
0.608207 0.956351 686.809 62.9476 -0.383767 
0.502421 0.925383 691.551 61.4365 -0.421215 
1.56688e-09 0.97114 735.703 67.8266 -0.283658 
0.514741 0.972174 760.215 66.3642 -0.369407 
0.691673 0.968811 770.587 65.6219 -0.38171 
0.741447 0.954477 772.406 67.3493 -0.365369 
0.231057 0.93202 764.266 66.9931 -0.478102 
0.743684 0.97232 1602.43 103.637 -0.34445 
0.592348 0.982354 1595.53 104.921 -0.411815 
0.97018 0.96382 1612.22 109.935 -0.363294 
1.06533 0.961015 1617.44 113.361 -0.377191 
1.13729 0.937069 1625.12 119.102 -0.381442 
0.32437 0.97495 2385.18 142.841 -0.304324 
1.41032 0.961678 2519.69 144.877 -0.357396 
1.53544 0.968094 2522.61 161.359 -0.362205 
1.19351 0.962404 2454.36 162.116 -0.34821 
1.25263 0.961586 2463.63 173.861 -0.441569 
1.26541 0.977365 4224.66 213.9 -0.35485 
1.37388 0.968079 4225.21 223.919 -0.370261 
1.68602 0.969645 4264.15 250.255 -0.400416 
2.15773 0.956736 4359.03 266.3 -0.34559 
2.17408 0.961431 4347.04 293.242 -0.381893 
1.52108 0.974849 7776.52 363.056 -0.427254 
2.06818 0.964448 7980.86 407.982 -0.428618 
2.416 0.959764 8052.21 453.887 -0.38383 
2.61509 0.954184 8048.97 490.57 -0.297305 
2.82 0.968671 8138.44 543.167 -0.361861 
1.69442 0.96799 8736.17 424.257 -0.428229 
2.29906 0.951231 9005.64 433.272 -0.407701 
2.94345 0.956635 9298.41 535.031 -0.365225 
2.83825 0.961603 9120.86 547.947 -0.35033 
3.4812 0.959696 9500.37 645.631 -0.325759 
2.74702 0.928007 18905.9 836.984 -0.528572 
3.04706 0.917466 18934.8 952.422 -0.346443 
3.5171 0.949267 19355.9 1084.66 -0.403014 
3.85533 0.955897 19573.6 1248.98 -0.37625 
4.45196 0.949673 20401.8 1319.61 -0.396311 
3.94492 0.881535 30882.7 1490.01 -0.333793 
4.33208 0.935755 31437.3 1640.02 -0.468247 
4.97573 0.950277 32516.5 2072.51 -0.42943 
5.40573 0.943807 32991.4 2113.48 -0.318461 
5.01715 0.960955 31689.9 2291.84 -0.400399 
5.21878 0.847656 56768.3 2781.22 -0.351279 
4.178 0.942356 51310.4 2918.43 -0.424555 
6.03169 0.92548 58307.3 3663.85 -0.404371 
5.29127 0.945505 53891.6 3781.15 -0.395817 
7.21383 0.945912 61949.5 4567.29 -0.381184 
PDF: Cut Value 0 and TKR Plane 14
0.330247 1.01407 93.2464 30.0813 -0.222538 
2.07228e-10 1.01112 99.7028 29.3068 -0.26495 
1.84619e-09 1.01485 105.176 28.9695 -0.339465 
0.0224202 1.02919 109.316 29.9999 -0.410902 
0.178687 1.04427 115.364 30.0291 -0.527345 
0.213828 0.995998 170.339 38.0975 -0.279834 
1.84619e-09 0.987568 176.318 35.8417 -0.304754 
0.110516 0.993643 183.995 35.6547 -0.372793 
1.84619e-09 0.980933 188.262 34.7402 -0.406004 
0.0651398 0.960159 195.478 33.2804 -0.49442 
1.79429e-09 0.979816 325.12 47.956 -0.281811 
1.66148e-10 0.970723 333.431 44.8987 -0.285838 
1.33201e-10 0.976461 342.405 45.1461 -0.364935 
0.533032 0.969031 352.405 45.8922 -0.395023 
0.380735 0.923721 358.749 42.6495 -0.429195 
8.88715e-11 0.986513 652.669 65.835 -0.375687 
0.0509525 0.973218 659.349 61.9533 -0.363514 
0.17771 0.972477 667.982 64.3364 -0.401912 
0.334222 0.955512 672.827 63.2336 -0.367788 
0.445347 0.927763 684.095 62.584 -0.423158 
1.17609e-10 0.972015 733.241 67.7868 -0.357004 
1.84619e-09 0.965521 738.568 66.6236 -0.346427 
1.96251e-10 0.967373 746.124 66.1542 -0.411868 
0.756322 0.958612 768.087 69.3657 -0.380345 
0.318281 0.928439 759.828 68.3016 -0.42349 
0.316691 0.971758 1557.96 106.795 -0.306164 
0.682999 0.970661 1588.31 104.769 -0.371696 
1.13119 0.975423 1620.74 112.676 -0.385768 
0.995772 0.956553 1605.82 112.38 -0.391394 
0.834739 0.941186 1593.03 118.847 -0.41165 
0.785585 0.964201 2431.23 138.757 -0.291861 
0.997397 0.973523 2455.25 145.411 -0.375211 
1.16143 0.964187 2464.42 151.862 -0.403755 
1.28063 0.962047 2469.51 159.108 -0.385854 
1.40713 0.951362 2477.92 174.151 -0.393218 
1.26897 0.972912 4204.11 216.885 -0.315956 
1.37408 0.975612 4232.32 218.875 -0.473625 
1.76842 0.966642 4277.46 248.334 -0.352068 
2.07138 0.9658 4326.15 269.671 -0.327546 
2.13846 0.966454 4333.09 298.712 -0.402722 
1.56832 0.961621 7795.49 354.376 -0.399517 
1.6701 0.96553 7733.97 400.318 -0.402812 
2.38799 0.954093 8019.47 457.014 -0.346253 
2.71893 0.960081 8166.85 479.608 -0.399719 
2.77007 0.963999 8107.83 534.879 -0.367643 
1.53311 0.944363 8622.13 390.115 -0.353664 
2.28127 0.958752 8951.24 454.741 -0.371751 
2.10448 0.963271 8726.18 497.991 -0.403346 
2.60773 0.966234 8992.48 533.486 -0.43243 
3.38225 0.956825 9421.09 625.605 -0.337987 
2.40805 0.953167 18392.9 781.953 -0.522833 
3.1407 0.923199 19109.9 918.229 -0.379189 
3.85351 0.950814 19894.4 1120.03 -0.413298 
4.24563 0.93943 20263.5 1152.41 -0.423321 
4.64061 0.967759 20786.3 1369.39 -0.456887 
2.72335 0.895498 28272.7 1089.06 -0.539733 
3.21156 0.948877 28745.2 1579.35 -0.467314 
4.2654 0.934793 30577.7 1863.48 -0.325915 
4.79562 0.946982 31505 1925.07 -0.392364 
5.29775 0.949864 32496.9 2253.67 -0.368452 
4.53625 0.887928 53955.9 2534.94 -0.448425 
4.31198 0.91417 51927.2 2908.67 -0.400418 
6.08484 0.939627 58429 3814.08 -0.372584 
7.28787 0.934158 62615.1 4389.28 -0.307592 
7.81642 0.965672 64910.6 4931.15 -0.463767 
PDF: Cut Value 0 and TKR Plane 15
0.213309 1.01996 88.9206 31.2104 -0.194103 
1.80249e-10 1.02066 95.5964 30.6352 -0.243955 
1.96696e-10 1.01547 101.24 29.9491 -0.29534 
1.95722e-10 1.02264 104.606 30.2293 -0.358597 
1.84619e-09 1.04678 111.359 30.6425 -0.513456 
0.433785 0.987189 164.568 38.5909 -0.218555 
2.19724e-10 1.00293 172.548 37.0205 -0.337864 
3.64043e-09 0.981801 177.835 36.5625 -0.313701 
0.477395 0.989081 186.697 36.69 -0.413274 
2.76096e-10 0.97516 191.768 34.6877 -0.512472 
2.02942e-10 0.975973 318.426 49.2891 -0.253103 
2.36793e-10 0.979109 329.271 47.5653 -0.333621 
0.0207973 0.975746 338.316 46.1145 -0.37653 
3.24177e-09 0.970323 341.29 46.8726 -0.387836 
0.113103 0.936541 351.844 44.5088 -0.469415 
3.38406e-10 0.977908 638.034 68.3997 -0.297964 
0.375302 0.98016 660.094 65.7646 -0.381442 
0.288505 0.963552 663.198 64.4329 -0.364781 
0.464483 0.960312 671.791 66.5118 -0.403992 
0.746042 0.919736 688.705 64.2105 -0.417442 
0.242096 0.978667 727.889 72.4395 -0.339554 
0.0981911 0.975092 730.256 71.8034 -0.332822 
0.501279 0.960429 752.501 68.925 -0.385536 
2.94542e-10 0.96498 738.084 70.9945 -0.410401 
0.00303967 0.916959 742.671 69.2561 -0.400894 
0.259875 0.975104 1550.58 107.222 -0.349974 
0.692753 0.976471 1573.24 112.939 -0.32478 
0.644353 0.968519 1570.12 113.959 -0.354146 
1.14973 0.964021 1614.07 117.605 -0.416586 
0.7625 0.944519 1583.99 118.631 -0.456538 
0.74401 0.980922 2415.41 149.006 -0.339199 
0.850509 0.972262 2424.09 149.534 -0.36157 
0.777814 0.971706 2398.6 155.014 -0.388842 
1.56408 0.963022 2499.73 165.169 -0.39844 
1.1631 0.941 2433.84 168.685 -0.396393 
1.32873 0.982606 4221.78 221.458 -0.403607 
1.17742 0.9785 4151.15 228.61 -0.420519 
1.21576 0.978851 4121.1 241.993 -0.429984 
1.90268 0.963267 4275.16 264.304 -0.397501 
2.15007 0.958226 4319.64 291.144 -0.359544 
1.11642 0.975924 7582.62 355.567 -0.489053 
2.32496 0.95456 8045.38 420.644 -0.345572 
2.23219 0.970688 7913.09 463.948 -0.342892 
2.49733 0.963878 7997.36 488.664 -0.362187 
2.95637 0.962507 8218.76 548.283 -0.363665 
2.07066 0.938291 8889.75 410.486 -0.32208 
2.277 0.955715 8928.74 449.249 -0.371813 
2.17917 0.962677 8756.29 497.05 -0.3696 
2.86983 0.957116 9149.83 525.678 -0.371661 
2.70745 0.962285 8948.12 598.981 -0.384591 
2.80314 0.928564 18867.6 858.372 -0.395679 
3.88976 0.936152 20224.1 1074.94 -0.450501 
3.29475 0.946827 18943.9 1102.37 -0.366339 
4.26433 0.941849 20222.7 1216.17 -0.360252 
4.8598 0.948047 20922.8 1411.09 -0.304018 
3.21958 0.900383 29072.1 1284.06 -0.341279 
4.14508 0.897537 30754.4 1568.11 -0.345886 
4.32856 0.939501 30789.5 1808.09 -0.405998 
5.67501 0.934956 33582.5 2146.18 -0.285449 
5.07553 0.941935 31755.6 2206.5 -0.305866 
3.97994 0.911544 51492.3 2415.28 -0.380468 
4.87978 0.895346 54235.3 2877.87 -0.371921 
5.43658 0.919057 55625.9 3234.09 -0.383295 
7.76919 0.932364 64671.8 4589.99 -0.278872 
5.65111 0.964242 54922.6 4003.18 -0.390338 
PDF: Cut Value 0 and TKR Plane 16
4.10025e-10 1.01628 84.4626 31.1724 -0.159723 
1.43873e-10 1.02136 91.3517 30.9171 -0.234318 
2.4599e-10 1.02183 97.3449 30.874 -0.274685 
2.71559e-10 1.03565 101.654 31.6838 -0.367088 
5.19225e-09 1.04611 107.774 31.6856 -0.47219 
0.0444665 0.996178 158.905 40.1746 -0.222381 
0.145018 0.994101 169.357 38.2719 -0.327377 
1.80104e-10 0.990396 174.47 37.68 -0.312361 
2.34316e-10 0.996842 178.921 37.906 -0.391203 
0.454423 0.980546 190.265 37.334 -0.5042 
0.0262563 0.985387 314.806 51.5407 -0.293833 
0.036922 0.974296 322.46 48.2404 -0.292771 
1.84619e-09 0.975682 333.143 46.8953 -0.362506 
3.93747e-09 0.965867 335.416 48.1853 -0.367371 
0.10079 0.929611 346.539 46.5583 -0.426274 
0.116088 0.984615 634.517 70.677 -0.295439 
0.0851959 0.977975 641.445 68.4438 -0.326337 
0.485963 0.971422 663.924 66.4771 -0.392439 
1.84619e-09 0.947938 650.464 67.7406 -0.357404 
0.537296 0.923426 677.233 65.5666 -0.42722 
0.364203 0.964096 722.436 71.6713 -0.285706 
0.0663446 0.969155 720.469 70.3586 -0.309746 
2.16509e-10 0.962017 726.377 71.0102 -0.347997 
0.346283 0.964323 742.156 71.9761 -0.381397 
0.471112 0.918102 758.498 68.9127 -0.452878 
0.446772 0.970541 1540.09 109.678 -0.243418 
1.22794e-10 0.97629 1510.7 112.551 -0.329754 
0.730751 0.972744 1569.88 116.358 -0.374082 
0.90659 0.968016 1582.12 117.058 -0.415099 
1.35414 0.929973 1626.92 123.488 -0.386461 
0.588522 0.97309 2385.44 142.749 -0.317891 
0.746435 0.970288 2393.69 149.571 -0.348199 
0.848481 0.97394 2403.85 157.638 -0.428092 
1.38961 0.963843 2465.04 164.819 -0.393677 
1.63236 0.93831 2497.81 176.428 -0.377506 
1.56834 0.974377 4253.93 222.235 -0.351765 
1.40688 0.964053 4187.87 233.449 -0.352829 
1.38986 0.976541 4164.55 245.239 -0.427674 
1.99611 0.958785 4298.29 261.753 -0.407875 
2.06489 0.960184 4289.09 295.676 -0.387151 
1.42934 0.967342 7686.44 357.641 -0.401765 
1.84813 0.946074 7803.71 388.842 -0.384316 
2.50322 0.947992 8065.3 443.413 -0.343655 
2.68098 0.962616 8101.22 488.788 -0.35335 
2.87064 0.956788 8156.45 531.052 -0.35698 
1.58119 0.971319 8619.54 404.602 -0.418375 
2.07746 0.960744 8817.93 437.523 -0.423008 
2.2807 0.957238 8811.43 487.975 -0.357994 
2.80812 0.96003 9078.42 542.471 -0.347209 
3.59573 0.962098 9570.9 637.781 -0.361691 
2.67221 0.94414 18629 784.749 -0.405016 
3.10996 0.939357 19074.4 916.354 -0.503306 
3.89094 0.948656 19893.2 1097.89 -0.461558 
4.11015 0.961121 19989.1 1250.76 -0.358067 
4.68903 0.953348 20616 1416.89 -0.324816 
3.35372 0.916819 29495.4 1311.22 -0.444786 
4.36788 0.90375 31180.1 1701.52 -0.277433 
4.05723 0.943106 30052.2 1850.52 -0.39968 
4.37665 0.961392 30480.3 1862.5 -0.415972 
5.23262 0.958583 32244.6 2331.59 -0.375345 
4.14678 0.919877 52360.8 2252.46 -0.543063 
5.0062 0.899147 55035.1 2932.58 -0.439885 
5.65568 0.905665 56181.7 3465.5 -0.335399 
6.3369 0.94344 58650.1 3845.38 -0.423658 
7.92045 0.929121 64991.1 4738.61 -0.360481 
PDF: Cut Value 0 and TKR Plane 17
1.84619e-09 1.01685 79.5082 31.474 -0.101799 
0.154049 1.02221 87.8462 31.5579 -0.202594 
1.76846e-09 1.0223 93.473 31.3355 -0.255652 
2.22122e-10 1.03456 98.3709 32.435 -0.334185 
2.07984e-10 1.06358 104.764 33.2881 -0.469449 
0.119629 0.985657 154.623 39.6544 -0.195003 
5.19544e-09 0.98494 161.642 38.7263 -0.272144 
1.84619e-09 0.99835 171.223 38.9918 -0.353843 
0.0675652 1.00023 176.069 39.2434 -0.395686 
1.84619e-09 0.991752 184.284 38.0886 -0.508621 
1.30623e-10 0.980842 306.462 52.0123 -0.257772 
0.60904 0.981507 320.507 51.3709 -0.288133 
2.65079e-10 0.979631 326.927 49.4177 -0.34809 
0.347498 0.971942 335.032 50.6063 -0.372591 
0.0186999 0.924941 340.61 46.3868 -0.406205 
0.389279 0.975074 630.422 71.7688 -0.283873 
0.0620278 0.974729 631.148 70.3154 -0.308273 
0.528193 0.976935 657.192 69.945 -0.37627 
1.35597e-10 0.963259 644.254 70.9162 -0.359974 
0.0665202 0.930725 659.586 66.9912 -0.451493 
0.481006 0.973561 714.468 78.0382 -0.290905 
1.73995e-10 0.981454 712.084 75.5972 -0.336944 
0.481322 0.962494 736.947 71.9914 -0.370351 
0.407225 0.968655 738.019 73.637 -0.405828 
0.770638 0.914959 763.626 72.1661 -0.445713 
0.270781 0.972026 1515.56 116.968 -0.279492 
0.825257 0.977419 1564.12 116.527 -0.335809 
0.725819 0.964587 1563.94 116.027 -0.368244 
0.963771 0.958808 1579.52 121.489 -0.368152 
1.05731 0.933517 1597.01 122.916 -0.41997 
2.22394e-10 0.981917 2312.65 147.048 -0.336479 
0.720181 0.968868 2373.1 152.333 -0.318894 
0.973756 0.963914 2399.81 158.723 -0.33376 
1.26907 0.955411 2432.34 163.881 -0.359827 
1.61468 0.949393 2501.12 177.548 -0.431878 
0.836974 0.96905 4069.77 213.633 -0.335127 
1.08619 0.973793 4090.8 236.426 -0.372058 
1.80099 0.963762 4246.29 254.986 -0.35745 
1.72745 0.955984 4196.31 259.405 -0.341807 
2.1262 0.958145 4303.66 300.634 -0.390628 
1.47579 0.978216 7697.66 370.592 -0.416182 
1.68174 0.962445 7687.61 395.419 -0.366314 
2.50398 0.964743 8071.4 454.236 -0.394977 
2.84708 0.951547 8176.34 481.614 -0.316653 
2.74304 0.960229 8095.94 530.827 -0.403589 
1.71943 0.974718 8707.17 400.944 -0.442664 
1.68424 0.974094 8564.2 452.013 -0.425884 
2.09622 0.968255 8692.27 491.571 -0.419383 
2.70657 0.960627 9010.35 532.142 -0.362613 
2.87373 0.953871 9056.79 592.066 -0.369775 
2.50219 0.940771 18401.5 788.998 -0.467195 
2.58176 0.953208 18328 883.984 -0.527138 
3.08572 0.952743 18610.2 1029.43 -0.390247 
3.86653 0.955778 19655 1169.74 -0.420796 
4.85937 0.955651 20887.5 1463 -0.310036 
3.35019 0.914608 29419.6 1306.09 -0.433683 
3.49307 0.946481 29333.1 1463.3 -0.473659 
5.48459 0.933362 33727.7 1988.52 -0.390946 
4.989 0.952891 31875 2064.7 -0.335457 
4.88139 0.951135 31339.8 2169.78 -0.363903 
4.22337 0.892127 52439.4 2484.11 -0.395325 
5.4093 0.907259 56467.9 3166.74 -0.347187 
6.77531 0.900753 61342.9 3631.79 -0.309787 
6.71916 0.944324 60107.9 4085.56 -0.339665 
6.02513 0.947693 56430.8 4146.4 -0.37081 
PDF: Cut Value 1 and TKR Plane 2
1.84619e-09 0.974203 169.256 8.1622 -0.409464 
0.289248 0.975714 170.067 8.69057 -0.394118 
0.232683 0.96755 169.782 9.00228 -0.417504 
0.446103 0.965544 170.123 9.50685 -0.378309 
0.343198 0.967203 169.585 9.70842 -0.381929 
0.39256 0.97564 260.584 11.5704 -0.409607 
0.39126 0.969588 258.941 12.6728 -0.333478 
0.462844 0.972365 259.138 13.4134 -0.389147 
0.501582 0.968593 258.181 14.1047 -0.373249 
0.421252 0.973278 258.081 14.2655 -0.447755 
0.639136 0.975266 442.239 18.6684 -0.367801 
0.509123 0.970131 438.201 20.2105 -0.408089 
0.606173 0.965486 436.297 22.5057 -0.366124 
0.638755 0.97839 434.564 23.6444 -0.389845 
0.669097 0.960974 433.53 24.7153 -0.38173 
0.640229 0.977069 798.979 33.1146 -0.372162 
0.782854 0.973248 796.929 35.9089 -0.413791 
0.807882 0.966362 786.305 41.8224 -0.345257 
0.963447 0.976156 788.607 44.8839 -0.372701 
0.863277 0.960502 780.946 45.0132 -0.377927 
0.627256 0.974712 887.285 36.7801 -0.388992 
0.779293 0.956622 883.292 39.845 -0.357872 
0.899599 0.962495 877.122 47.0338 -0.345949 
1.03009 0.968012 872.107 50.0262 -0.301529 
1.02311 0.947914 869.682 51.5502 -0.285747 
1.06992 0.964741 1793.18 73.8978 -0.308877 
1.18394 0.961621 1776.6 85.2996 -0.317058 
1.39372 0.956107 1771.56 95.7553 -0.326092 
1.55892 0.957943 1770.48 105.57 -0.289716 
1.81693 0.949682 1794.75 111.454 -0.311059 
1.31744 0.958344 2704.11 114.09 -0.303526 
1.45112 0.949993 2681.91 126.383 -0.294744 
1.66201 0.938954 2669.96 141.889 -0.269317 
1.9386 0.970284 2703.93 165.827 -0.315164 
2.19043 0.953219 2738.6 174.714 -0.323395 
1.61288 0.955509 4543.48 189.498 -0.316963 
1.89996 0.946041 4563 219.053 -0.318124 
2.08688 0.96314 4531.46 257.321 -0.326306 
2.35764 0.962256 4576.08 293.602 -0.352856 
2.7518 0.941986 4685.08 318.474 -0.253415 
2.08781 0.95372 8359.68 360.104 -0.298995 
2.51281 0.941427 8458.78 436.091 -0.278039 
2.88236 0.966348 8574.49 503.982 -0.409618 
3.28111 0.944776 8723.26 563.467 -0.313479 
3.28697 0.956049 8696.1 640.61 -0.365599 
2.37615 0.942859 9508.76 393.995 -0.37769 
2.76432 0.954876 9644.83 467.439 -0.412429 
3.19435 0.953152 9736.28 602.911 -0.310524 
3.41339 0.955357 9766.58 645.197 -0.311069 
3.73801 0.942383 10003.8 700.185 -0.285857 
3.1102 0.916482 19896.7 917.36 -0.349884 
3.40936 0.940356 19908.6 1124.8 -0.312169 
4.5402 0.965393 21560.5 1472.33 -0.402305 
5.23535 0.943099 22365.1 1603.96 -0.315432 
6.16149 0.934238 23962.4 1820.08 -0.286833 
4.06795 0.936817 32174.1 1568.83 -0.340284 
6.03797 0.908152 37016.8 2129.02 -0.277342 
5.89946 0.892894 35679.8 2389.32 -0.332046 
6.05012 0.936733 35089.4 2853.49 -0.279091 
6.78808 0.928746 37431 2993.1 -0.378115 
4.9891 0.89799 57635.3 2755.99 -0.356394 
7.2511 0.921743 67168.8 4344.01 -0.297528 
7.76323 0.908509 67284.6 5149.1 -0.268448 
6.54221 0.967077 59670.9 5427.06 -0.455839 
7.75933 0.915523 65820.5 5501.92 -0.46645 
PDF: Cut Value 1 and TKR Plane 3
0.00885711 0.984633 160.697 10.0147 -0.370132 
0.0413017 0.988674 161.901 9.88854 -0.409251 
0.190749 0.981327 162.995 9.88591 -0.423417 
0.218563 0.9769 162.85 10.1228 -0.382294 
0.188013 0.982505 162.496 10.5301 -0.391102 
0.152057 0.98461 249.945 12.747 -0.352692 
0.316748 0.984185 252.119 13.0725 -0.400301 
0.330608 0.973638 251.015 13.8439 -0.362894 
0.32196 0.972557 251.986 13.7797 -0.440075 
0.427767 0.977056 251.516 14.7458 -0.402976 
0.381155 0.976848 429.596 18.8695 -0.335138 
0.443454 0.976623 429.378 20.3241 -0.363696 
0.487646 0.965427 426.88 21.928 -0.318623 
0.514686 0.973774 426.694 23.5085 -0.375235 
0.549957 0.965066 425.936 23.5513 -0.358735 
0.610986 0.966772 789.395 31.6888 -0.344298 
0.691012 0.967839 786.267 34.9583 -0.340823 
0.787437 0.966949 781.654 39.5334 -0.352901 
0.831321 0.965469 776.72 42.3422 -0.332699 
0.9172 0.96579 778.415 44.5238 -0.356043 
0.691961 0.962644 880.087 34.1454 -0.324593 
0.621146 0.973226 872.768 39.7694 -0.413592 
0.66646 0.969952 865.891 43.8835 -0.398254 
0.916565 0.975455 868.62 48.0049 -0.379407 
0.986604 0.963823 866.633 50.4005 -0.36926 
0.952232 0.965183 1777.9 70.2698 -0.355025 
1.13482 0.968779 1775.67 79.3056 -0.353094 
1.37198 0.9694 1770.56 90.845 -0.330792 
1.40577 0.964791 1759.83 97.2878 -0.354268 
1.34565 0.968901 1742.91 106.206 -0.364867 
1.42387 0.969279 2721.06 110.107 -0.334691 
1.36402 0.955818 2671.8 120.811 -0.29985 
1.54741 0.952207 2662.02 139.647 -0.298288 
1.82617 0.953093 2677.87 152.933 -0.289573 
1.73362 0.953779 2655.98 157.609 -0.375731 
1.6887 0.951165 4552.41 183.974 -0.219852 
1.81367 0.961207 4538.79 213.635 -0.354948 
2.04894 0.955423 4531.43 245.835 -0.349092 
2.43196 0.951424 4597.17 272.951 -0.272235 
2.43307 0.947915 4589.08 287.711 -0.336216 
2.28456 0.957385 8480.22 345.296 -0.256382 
2.60452 0.948272 8556.01 406.63 -0.288366 
3.05881 0.947769 8696.06 486.789 -0.236873 
3.13584 0.955028 8657.05 530.635 -0.331914 
3.53751 0.945061 8926.17 565.904 -0.36268 
2.51695 0.936287 9568.76 389.956 -0.231312 
2.53452 0.944414 9433.38 439.075 -0.341089 
3.34489 0.950271 9906.71 564.699 -0.3285 
3.40166 0.956202 9790.98 602.333 -0.313167 
4.17609 0.941287 10374.8 702.421 -0.259641 
3.30859 0.901168 20157.7 880.495 -0.265728 
4.01664 0.939402 21095.7 1065.59 -0.321685 
4.91006 0.942348 22176.6 1385.75 -0.29538 
5.10029 0.94813 22197.3 1503.98 -0.336082 
5.94818 0.923947 23535.8 1654.12 -0.246907 
4.28594 0.952484 32806.5 1489.23 -0.344852 
5.40062 0.943465 35149.9 1919.12 -0.296101 
7.63518 0.930192 40644.2 2726.61 -0.282707 
5.58185 0.933949 33967.4 2443.46 -0.324137 
7.7666 0.902721 40032.7 3047.14 -0.195375 
5.10863 0.926797 58188.4 2906.15 -0.343276 
7.64036 0.931199 69217.4 3963.57 -0.324977 
7.66083 0.930228 67603.1 4704.09 -0.437482 
7.80043 0.931961 66099.1 5351.89 -0.36778 
7.88888 0.907337 67001.8 5224.67 -0.471814 
PDF: Cut Value 1 and TKR Plane 4
1.84619e-09 0.983044 150.846 12.4303 -0.334482 
1.28975e-10 0.986259 153.043 11.8005 -0.361568 
0.233711 0.98625 155.394 11.6623 -0.394323 
0.0752974 0.983707 154.686 11.5247 -0.352095 
8.86729e-11 0.98614 154.641 11.7652 -0.37117 
1.52154e-10 0.993684 239.372 15.5576 -0.339122 
0.199546 0.994001 241.863 15.2346 -0.363696 
0.183566 0.981383 241.992 15.2832 -0.34525 
0.349648 0.981056 243.717 15.3941 -0.359498 
0.232232 0.985577 242.437 15.8334 -0.374041 
0.270013 0.978951 418.033 20.4832 -0.34031 
0.323867 0.978204 418.487 21.595 -0.345052 
0.388714 0.980241 418.546 22.5805 -0.365131 
0.48899 0.98253 419.156 23.9876 -0.386688 
0.474304 0.973124 417.477 24.3463 -0.351683 
0.514063 0.973501 774.121 32.6445 -0.29215 
0.614785 0.969099 773.825 35.2528 -0.317989 
0.681457 0.966914 770.838 38.221 -0.347568 
0.760511 0.975373 769.565 41.5356 -0.370255 
0.851656 0.962433 767.312 43.167 -0.2921 
0.562362 0.959 864.694 34.3902 -0.308741 
0.653775 0.969543 864.087 37.4993 -0.354172 
0.813078 0.972782 860.463 44.2502 -0.299293 
0.824609 0.97569 859.505 44.9755 -0.40717 
0.844582 0.962209 853.869 47.3626 -0.314761 
0.998828 0.964128 1772.49 68.6588 -0.307878 
1.05864 0.973424 1759.36 77.1828 -0.343295 
1.25544 0.95724 1752.83 84.6302 -0.314812 
1.37103 0.958754 1740.14 96.0185 -0.23433 
1.28795 0.959714 1737.15 97.7738 -0.369812 
1.24072 0.964575 2679.08 101.83 -0.300304 
1.39055 0.964856 2679.99 114.555 -0.349595 
1.48661 0.958232 2651.34 133.418 -0.340683 
1.76439 0.968198 2667.07 151.281 -0.316954 
1.79969 0.958014 2662.03 157.313 -0.312314 
1.65067 0.948499 4560.18 162.909 -0.322786 
1.81205 0.939913 4541.31 192.5 -0.284504 
2.08343 0.953761 4561.33 227.374 -0.350006 
2.40449 0.959781 4605.5 254.445 -0.324522 
2.42603 0.947046 4585.42 268.722 -0.292378 
2.18532 0.941889 8430.28 327.619 -0.249712 
2.4704 0.942993 8485.39 369.249 -0.349957 
2.99606 0.96333 8680.19 463.919 -0.363638 
3.11264 0.959871 8634.73 515.169 -0.299816 
3.31953 0.953046 8746.16 544.472 -0.33263 
2.32558 0.936244 9448.12 356.809 -0.270105 
2.58136 0.945316 9468.11 425.612 -0.291404 
3.03196 0.947631 9631.82 521.485 -0.3176 
3.23473 0.948074 9643.67 579.427 -0.266342 
3.56557 0.94724 9905.58 638.441 -0.31588 
3.07193 0.904868 19819.3 757.912 -0.242893 
3.44075 0.952251 20030.6 1015.22 -0.276262 
3.77396 0.951066 20153.3 1152.17 -0.355091 
5.08935 0.954548 22197.9 1409.38 -0.321072 
5.33092 0.956346 22478.9 1554.67 -0.329013 
3.34954 0.9283 30295 1202.89 -0.375563 
4.39865 0.929284 32229.3 1601.11 -0.25385 
5.38219 0.933917 34316.7 2041.41 -0.392715 
6.43634 0.943157 36664.6 2514.01 -0.332309 
7.75157 0.904315 40258.8 2751.01 -0.263855 
5.82919 0.905254 61593.8 2842.13 -0.317117 
5.60418 0.924743 59036.9 3344.84 -0.363308 
7.60949 0.935777 67324.9 4273.46 -0.394773 
7.79497 0.946635 66631 4990.94 -0.40547 
7.84064 0.91108 66461 5170.79 -0.340629 
PDF: Cut Value 1 and TKR Plane 5
1.84619e-09 0.986021 140.607 15.3454 -0.306564 
1.84619e-09 0.990154 144.013 14.426 -0.355152 
1.84619e-09 0.991528 145.903 13.9173 -0.356197 
1.80029e-09 0.99072 146.724 13.6249 -0.353419 
0.0433916 0.989213 146.902 13.601 -0.366881 
1.85327e-10 0.988875 227.382 18.528 -0.329981 
4.12948e-09 0.99401 230.854 17.5806 -0.349392 
1.28609e-10 0.991544 231.479 17.2133 -0.330238 
0.141748 0.990181 233.08 17.5645 -0.336158 
0.124682 0.981632 233.207 16.9956 -0.348958 
1.34563e-10 0.986307 401.334 24.2726 -0.306811 
0.434271 0.986626 408.482 23.6298 -0.324931 
0.474877 0.977767 408.508 24.2972 -0.277887 
0.419383 0.980099 407.551 25.2423 -0.30335 
0.409428 0.974371 406.78 24.9316 -0.33247 
0.46133 0.977025 759.912 34.3093 -0.317979 
0.51469 0.968872 758.473 36.2377 -0.29521 
0.667107 0.964261 758.456 38.5606 -0.285872 
0.744668 0.97625 759.331 41.057 -0.348915 
0.59234 0.971282 751.551 41.6311 -0.349576 
0.438325 0.966284 843.114 37.125 -0.261811 
0.517554 0.971409 846.611 38.3988 -0.357244 
0.714253 0.962222 848.689 41.9844 -0.348534 
0.672871 0.972694 842.491 44.8597 -0.356399 
0.808458 0.958002 840.999 47.1544 -0.263912 
0.841984 0.962684 1743.79 66.1114 -0.330445 
0.9803 0.955271 1736.21 73.2375 -0.275826 
1.05369 0.954059 1724.92 81.301 -0.300484 
1.30237 0.963124 1739.26 88.4522 -0.359196 
1.40343 0.966491 1742.06 95.1568 -0.341122 
0.984977 0.966001 2632.08 98.0419 -0.324868 
1.28325 0.96415 2649.26 111.578 -0.328023 
1.55271 0.966055 2656.42 132.163 -0.324401 
1.53338 0.958013 2628.19 134.172 -0.334229 
1.81658 0.955382 2662.93 143.722 -0.315921 
1.48626 0.946385 4490.72 158.279 -0.255887 
1.70998 0.951305 4507.17 184.443 -0.313603 
1.99869 0.945692 4519.83 212.61 -0.298628 
2.18449 0.96062 4529.03 240.838 -0.30804 
2.28707 0.948988 4540.21 256.827 -0.283067 
2.02283 0.941641 8327.92 293.395 -0.297429 
2.4306 0.957832 8438.4 370.172 -0.277435 
2.71254 0.951272 8492.12 420.366 -0.347206 
3.01255 0.942612 8581.71 457.131 -0.316088 
3.33424 0.946036 8739.39 520.414 -0.293353 
2.18962 0.941767 9366.92 334.656 -0.334019 
2.50395 0.957062 9410.75 416.809 -0.288932 
2.74325 0.957323 9432.05 482.316 -0.368966 
3.2494 0.948373 9681.68 550.82 -0.304319 
3.63855 0.948758 9947.82 602.363 -0.324385 
2.56214 0.937195 19062.1 712.696 -0.419031 
3.40982 0.924069 19979.3 880.148 -0.256251 
4.17868 0.949782 20848.8 1131.45 -0.303098 
4.24112 0.947177 20667.9 1278.3 -0.351121 
5.36178 0.940455 22522 1442.52 -0.317409 
4.0957 0.919316 32051.1 1289.42 -0.2534 
3.89746 0.914375 30970 1403.32 -0.281693 
5.77462 0.927351 35364.2 1938.04 -0.28967 
6.00259 0.94303 35283.9 2324.06 -0.280339 
7.43094 0.92976 39001.1 2747.9 -0.242139 
4.21008 0.934883 53909.2 2260.01 -0.431064 
5.38826 0.93266 58247.6 2865.48 -0.379961 
6.76358 0.922817 62637.3 3880.59 -0.310874 
7.25987 0.936713 63599.9 4512.45 -0.284092 
7.36826 0.910074 64308.2 4648.15 -0.367838 
PDF: Cut Value 1 and TKR Plane 6
1.84619e-09 0.975785 132.943 17.1357 -0.284487 
1.84619e-09 0.972362 136.096 16.4789 -0.240329 
0.0741353 0.981393 139.594 15.5965 -0.298024 
0.212709 0.976501 142.071 15.125 -0.350643 
1.45043e-10 0.976541 141.546 14.6352 -0.373606 
1.61969e-10 0.966978 218.145 19.8282 -0.245317 
1.84619e-09 0.992753 223.052 19.2711 -0.360885 
0.232886 0.987784 226.229 18.9534 -0.346432 
0.2766 0.982012 227.715 18.7766 -0.3115 
0.0319885 0.97576 226.49 18.72 -0.344248 
6.51696e-10 0.995542 392.035 25.9316 -0.335083 
0.279117 0.980154 397.005 25.7229 -0.294077 
0.0863027 0.990029 395.736 25.686 -0.335721 
1.56548e-10 0.981741 397.437 25.5473 -0.397878 
0.434558 0.972175 401.602 25.8927 -0.344087 
0.251481 0.971061 740.242 36.1357 -0.232195 
0.420819 0.989125 746.717 39.0245 -0.323611 
0.562279 0.980001 748.419 40.583 -0.325626 
0.585266 0.966489 743.823 40.0976 -0.28285 
0.482366 0.972707 741.337 43.2655 -0.378239 
0.318059 0.976224 833.866 38.5472 -0.377241 
0.472826 0.953202 833.994 38.2397 -0.263643 
0.29676 0.93537 824.296 41.6834 -0.314821 
0.692636 0.968761 835.706 45.024 -0.355803 
0.99891 0.969089 838.316 50.0471 -0.232212 
0.588104 0.95286 1708.15 64.2456 -0.274568 
1.03553 0.986149 1736.85 76.7798 -0.346735 
1.02012 0.945883 1713.52 80.4806 -0.29497 
1.1333 0.953734 1714.98 87.7943 -0.356743 
1.34738 0.932365 1724.41 91.8494 -0.241428 
0.953112 0.950895 2608.44 94.8828 -0.28434 
1.13712 0.95888 2621.21 107.443 -0.365822 
1.59603 0.968075 2649.83 130.415 -0.317036 
1.83013 0.961309 2671.69 143.019 -0.275846 
1.63591 0.944932 2637.94 130.049 -0.396722 
1.51672 0.947634 4501.77 156.124 -0.335726 
1.65724 0.945177 4464.79 190.375 -0.251768 
1.86793 0.946654 4462.39 209.948 -0.276187 
2.04188 0.943176 4483.13 231.021 -0.317692 
2.4528 0.931305 4595.62 255.246 -0.323346 
1.81031 0.934315 8161.33 275.584 -0.235371 
2.33505 0.95687 8394.19 345.173 -0.38026 
2.47239 0.954681 8347.35 394.058 -0.362586 
3.00356 0.930595 8572.02 426.385 -0.299085 
3.39075 0.936134 8781.08 481.144 -0.280615 
2.08295 0.962319 9264.6 330.548 -0.308347 
2.41713 0.935557 9358.72 374.497 -0.278942 
2.74455 0.931524 9411.67 451.387 -0.296462 
3.43483 0.961766 9793.32 559.414 -0.255796 
3.15961 0.927313 9549.27 549.387 -0.289163 
3.0187 0.876912 19753.5 728.61 -0.231053 
3.10368 0.928705 19380.5 891.472 -0.293811 
3.90694 0.919423 20436.8 966.853 -0.388946 
4.47476 0.924941 21016 1189.85 -0.239899 
4.69865 0.900576 21270.3 1269.02 -0.236196 
3.14645 0.912318 29634.1 1175.45 -0.33125 
3.83511 0.898396 30708.8 1491.06 -0.328991 
4.88099 0.90926 32707.5 1836.44 -0.285792 
4.91903 0.913626 32777.5 1715 -0.544655 
7.09694 0.917582 38217.8 2527.16 -0.309899 
4.94122 0.910413 56952.1 2442.58 -0.256449 
4.80081 0.927153 55231.6 2794.55 -0.340595 
5.83969 0.85918 57346.7 3987.55 -0.127134 
5.8317 0.855032 57197 3819.27 -0.279367 
5.16413 0.892396 53424.2 4370.86 -0.37143 
PDF: Cut Value 1 and TKR Plane 7
0.174763 0.989032 129.655 19.1795 -0.297417 
3.5648e-09 0.968921 131.306 17.7145 -0.229762 
1.84619e-09 0.98344 136.486 16.3727 -0.314206 
1.45323e-10 0.97349 137.752 15.5838 -0.303883 
1.84619e-09 0.981619 137.804 15.8138 -0.271011 
0.0903183 0.981807 214.432 21.4375 -0.334831 
1.84619e-09 0.985416 219.227 19.6843 -0.405828 
0.0236968 0.982605 220.354 19.7836 -0.272847 
0.414534 0.975129 225.022 19.4081 -0.251065 
1.84619e-09 0.964308 222.101 19.3283 -0.278031 
0.394171 0.989141 389.174 28.4776 -0.241251 
0.338733 0.97864 391.802 26.737 -0.288514 
1.14878e-10 0.97951 391.401 26.3202 -0.323543 
0.294979 0.970889 395.271 26.5092 -0.246393 
0.502461 0.981436 397.491 27.748 -0.318036 
1.79102e-10 0.979358 729.535 37.5364 -0.299881 
0.34155 0.984246 737.598 39.0042 -0.303241 
0.618109 0.978276 744.772 40.6888 -0.290847 
0.543836 0.970503 739.095 41.2238 -0.268314 
0.455795 0.964236 734.709 43.3363 -0.305063 
1.22004e-10 0.990756 818.325 42.7061 -0.324276 
0.675031 0.969198 835.285 40.6819 -0.305604 
0.577813 0.970009 829.797 43.1963 -0.312455 
0.531817 0.961742 824.217 45.1029 -0.31917 
0.524408 0.96886 822.982 48.7624 -0.337025 
0.652884 0.947862 1706.48 64.3653 -0.233467 
0.978512 0.969374 1713.66 74.3777 -0.24661 
0.958781 0.966205 1714.47 79.0031 -0.428493 
1.07121 0.963474 1703.92 82.7278 -0.260998 
1.48964 0.947651 1741.85 89.5857 -0.335314 
0.750363 0.954771 2578.81 94.7613 -0.265342 
1.15551 0.96951 2607.19 108.317 -0.245258 
1.3093 0.955412 2607.09 118.517 -0.347111 
1.40942 0.952051 2604.94 125.813 -0.359095 
1.73987 0.937465 2631.53 139.921 -0.248802 
1.37277 0.946666 4441.33 161.701 -0.284803 
1.73926 0.941262 4511.44 178.907 -0.362235 
1.83865 0.949514 4456.56 210.992 -0.292356 
2.0851 0.932136 4486.39 217.991 -0.271353 
2.47385 0.939259 4580.09 253.593 -0.202105 
1.83388 0.952583 8207.03 291.098 -0.329723 
2.07779 0.944029 8226.51 316.297 -0.355129 
2.32715 0.955564 8218.09 399.775 -0.337982 
2.88647 0.917488 8501.08 411.704 -0.275569 
2.77188 0.937041 8431.48 452.409 -0.408783 
1.90399 0.926098 9123.29 337.139 -0.275796 
2.31486 0.955498 9323.21 357.869 -0.416312 
2.58046 0.930379 9300.39 434.576 -0.294348 
3.17932 0.97455 9645.4 526.055 -0.355498 
3.64315 0.929083 9936.16 544.893 -0.338699 
3.20688 0.928475 19939.7 734.462 -0.256005 
3.34016 0.919284 19946.4 737.499 -0.413052 
3.61191 0.912053 19850.9 973.651 -0.293142 
5.03757 0.943223 21897.4 1236.16 -0.227453 
5.14952 0.927437 22144.1 1291.14 -0.305221 
2.76855 0.859927 28778.2 936.297 -0.29012 
4.29839 0.902961 31861.8 1465.64 -0.192295 
4.53928 0.884701 32032.6 1701.32 -0.322195 
5.09902 0.89492 32819.7 1801 -0.200148 
5.41199 0.929085 33437.7 2215.97 -0.296649 
4.04676 0.856159 52721 2069.86 -0.274617 
4.76068 0.914648 55669.1 2251.28 -0.528202 
5.87886 0.903029 59219.5 3345.85 -0.390153 
5.7551 0.875788 56794.9 3462.69 -0.278962 
7.94543 0.89794 67523.4 4234.22 -0.4408 
PDF: Cut Value 1 and TKR Plane 8
0.145243 0.982067 124.575 20.5861 -0.245887 
1.84619e-09 0.986958 128.217 18.6211 -0.262053 
2.5155e-10 0.986292 134.376 16.989 -0.395542 
1.84619e-09 0.97337 135.338 16.0771 -0.295729 
1.84619e-09 0.975837 136.496 15.9667 -0.357636 
1.84619e-09 0.972915 207.136 22.834 -0.206234 
0.0430688 0.985387 212.729 21.9254 -0.294544 
1.84619e-09 0.980302 217.267 19.9529 -0.293058 
1.38628e-10 0.976615 220.239 19.5765 -0.286475 
0.408185 0.9802 222.078 20.2479 -0.273864 
0.0567087 0.988808 381.981 29.0285 -0.326525 
0.273194 0.984135 384.749 27.7515 -0.231077 
0.159818 0.984367 388.756 27.0538 -0.307036 
0.437224 0.975756 394.07 26.8029 -0.268224 
0.0988881 0.973162 389.897 26.7763 -0.317425 
0.280367 0.968883 726.651 39.6154 -0.192089 
0.570775 0.978875 735.252 40.7902 -0.240928 
0.524911 0.979329 737.193 41.1995 -0.295701 
0.673881 0.936363 740.292 38.7993 -0.231218 
0.719309 0.968548 741.869 43.6538 -0.322316 
1.84619e-09 0.990613 809.883 44.3012 -0.269424 
0.348685 0.98859 817.557 43.2338 -0.298613 
0.715628 0.9721 826.531 42.5061 -0.242397 
0.545405 0.974751 823.263 45.0037 -0.319869 
0.705958 0.95606 822.893 47.9759 -0.246792 
0.697393 0.971235 1701.65 68.5938 -0.253231 
0.755744 0.969676 1692.32 72.2197 -0.287071 
0.937319 0.96022 1695.33 81.2474 -0.283684 
1.11127 0.957476 1707.98 86.921 -0.33858 
1.2597 0.965663 1712.54 94.7464 -0.331718 
0.964923 0.959579 2598.34 96.1302 -0.27594 
1.0617 0.960997 2597.57 105.435 -0.367719 
1.59413 0.957997 2646.79 122.879 -0.336574 
1.5739 0.968439 2627.83 127.814 -0.305113 
1.69571 0.940245 2631.85 140.688 -0.296155 
1.38403 0.942045 4444.24 155.505 -0.278067 
1.64412 0.949419 4457.34 180.128 -0.278691 
1.87642 0.940519 4458.57 193.361 -0.296489 
2.15978 0.922519 4470.55 222.84 -0.165456 
2.29357 0.930237 4547.06 229.996 -0.302237 
1.87245 0.926847 8211.34 273.933 -0.270168 
2.27771 0.928172 8327.86 328.842 -0.272666 
2.56333 0.940963 8380.86 386.088 -0.307996 
2.70029 0.942608 8360.9 417.254 -0.311117 
3.1462 0.934755 8594.6 474.095 -0.270999 
2.13129 0.918959 9240.33 306.679 -0.162384 
1.9738 0.91655 9043.23 351.133 -0.297959 
2.47462 0.950079 9224.62 443.86 -0.347733 
2.93202 0.944323 9459.94 482.503 -0.356615 
3.33579 0.950543 9730.39 533.863 -0.379706 
3.04191 0.930962 19750.9 722.175 -0.272566 
3.29512 0.914117 19881.1 786.125 -0.359043 
3.65149 0.966482 20082.9 1006.25 -0.465601 
3.56251 0.916524 19524.3 1058.65 -0.311746 
4.52847 0.92655 21045.2 1182.08 -0.392517 
3.59073 0.905694 30819 1091.77 -0.246954 
4.48124 0.91024 32382.3 1424.83 -0.259952 
4.54832 0.906674 31954.3 1740.44 -0.238619 
7.86826 0.86685 40365 2123.94 -0.281382 
6.08896 0.872071 35241.8 2093.2 -0.230925 
4.404 0.874658 54254.8 2052.7 -0.148242 
5.10708 0.884822 56272.3 2950.86 -0.19662 
5.76691 0.852769 58358.7 3319.2 -0.305233 
6.41213 0.89487 60277.1 3910.37 -0.357399 
7.94449 0.853009 66744.3 4385.42 -0.271703 
PDF: Cut Value 1 and TKR Plane 9
0.409645 0.974918 121.087 21.7453 -0.201241 
4.76462e-09 0.989141 125.017 20.4708 -0.243664 
0.025399 0.973783 129.721 18.3456 -0.269813 
0.166942 0.979302 132.619 17.8473 -0.256552 
1.38567e-10 0.971545 132.877 16.694 -0.306608 
1.84619e-09 0.973589 201.496 24.8523 -0.186761 
1.89978e-09 0.986452 208.526 23.357 -0.284173 
0.191798 0.988346 215.71 21.6533 -0.32773 
0.221839 0.983641 217.877 21.0776 -0.259185 
0.41656 0.964845 220.297 20.0993 -0.316801 
1.84619e-09 0.985825 374.174 30.9792 -0.24267 
0.0677191 0.982243 377.411 29.4942 -0.226018 
0.307589 0.98709 384.385 29.3732 -0.253827 
0.389895 0.97443 390.35 27.4437 -0.284621 
1.23099e-10 0.971552 384.496 28.2238 -0.282988 
0.343921 0.981059 721.273 42.2411 -0.197202 
1.0532e-10 0.980024 714.414 42.097 -0.242341 
0.344119 0.977283 727.446 41.1389 -0.301357 
0.60358 0.950856 735.214 40.4823 -0.283813 
0.658539 0.959317 733.441 42.3374 -0.276448 
1.08579e-10 0.972431 800.872 45.0114 -0.278707 
0.369158 0.956872 811.965 41.0781 -0.227532 
0.384019 0.964724 809.882 45.3136 -0.259102 
0.65957 0.969574 822.486 45.7765 -0.322688 
0.59231 0.956663 818.262 45.2268 -0.341973 
0.787072 0.965281 1703.16 67.1346 -0.294533 
0.63886 0.961025 1679.04 74.5046 -0.284856 
1.12431 0.942333 1707.02 78.9967 -0.262677 
0.995216 0.959055 1691.49 84.6013 -0.372193 
1.20931 0.943099 1699.2 88.9334 -0.287939 
0.947919 0.962128 2583.95 97.7185 -0.275258 
1.09772 0.956713 2595.72 100.539 -0.385414 
1.30247 0.965076 2594.75 120.301 -0.32676 
1.59653 0.952519 2620.83 131.175 -0.329034 
1.72 0.922657 2626.5 135.465 -0.268983 
1.2677 0.917058 4412.92 141.883 -0.313926 
1.52533 0.947776 4424.02 173.819 -0.338216 
1.89802 0.941746 4458.78 201.306 -0.255053 
2.14711 0.954715 4490.75 237.331 -0.249949 
2.00995 0.959622 4446.99 235.64 -0.343641 
1.78413 0.946486 8178.05 269.801 -0.374159 
2.31853 0.929559 8346.47 313.031 -0.303318 
2.91428 0.948254 8578.78 400.721 -0.217832 
3.1596 0.954142 8663.78 461.507 -0.292102 
2.91755 0.920258 8461.84 442.893 -0.217102 
1.98971 0.900217 9203.06 280.287 -0.361218 
2.12819 0.918441 9138.28 355.429 -0.279774 
2.55094 0.929244 9271.8 437.288 -0.339928 
3.12012 0.949845 9563.45 499.678 -0.282696 
3.34569 0.936317 9759.08 538.45 -0.384329 
2.64838 0.928086 19163.1 635.681 -0.3086 
2.92888 0.935875 19161.6 795.533 -0.275124 
4.09684 0.902598 20645.5 962.389 -0.1809 
3.92998 0.924802 20203.6 1050.96 -0.358736 
4.49565 0.909151 20996.8 1189.59 -0.330996 
3.1666 0.881693 29830.5 999.75 -0.220042 
4.25184 0.924998 31969.5 1358.96 -0.340794 
3.62256 0.937361 29638.8 1580.64 -0.401843 
7.50808 0.88955 39385.6 2476.98 -0.237843 
5.49783 0.943504 33866.1 2201.35 -0.321199 
3.52135 0.964908 51000.1 1983.63 -0.522261 
5.26906 0.906514 57249.8 2710.42 -0.294947 
7.00819 0.929883 64150.3 3917.92 -0.361295 
5.70436 0.900955 56482.5 3846.22 -0.397001 
7.07277 0.846557 63234.1 3882.43 -0.38878 
PDF: Cut Value 1 and TKR Plane 10
2.46595e-10 0.982809 114.461 22.7153 -0.186449 
2.41258e-09 0.990276 120.088 21.3395 -0.225097 
1.03244e-10 0.983587 125.77 19.3068 -0.262494 
2.23505e-10 0.98379 130.303 17.7899 -0.327982 
0.105508 0.974013 131.076 17.3493 -0.302749 
4.15926e-09 0.981846 198.018 26.4452 -0.261784 
1.58856e-10 0.981854 202.093 25.2388 -0.250339 
1.84619e-09 0.984394 210.159 22.9316 -0.295037 
1.84619e-09 0.974703 212.878 20.981 -0.283162 
0.115557 0.967037 212.483 21.3718 -0.230892 
0.204818 0.988881 369.373 32.8456 -0.27246 
1.84619e-09 0.98809 368.604 31.1358 -0.196978 
1.84619e-09 0.98288 375.803 29.9749 -0.20687 
0.268099 0.975652 383.609 27.9183 -0.242371 
0.311795 0.972554 386.265 27.551 -0.310776 
3.52613e-09 0.98515 707.945 44.369 -0.239163 
0.27126 0.984709 713.994 43.0358 -0.226597 
0.26558 0.986157 722.591 42.4579 -0.359903 
0.678232 0.955534 728.153 43.3392 -0.200268 
0.503816 0.965355 725.393 44.3024 -0.296508 
0.449889 0.985486 799.334 46.1263 -0.175262 
0.193345 0.96747 797.849 43.9315 -0.269285 
0.596945 0.975908 811.463 46.0866 -0.245458 
0.28319 0.96141 804.716 45.4261 -0.328152 
0.675779 0.961611 811.903 49.241 -0.253405 
0.741975 0.969783 1689.26 73.3127 -0.279577 
0.661142 0.975025 1682.16 73.3119 -0.379549 
0.998859 0.960481 1690.27 81.1239 -0.290695 
0.969938 0.964658 1687.65 84.3758 -0.345888 
1.21428 0.95459 1701.83 89.5703 -0.341284 
0.981265 0.965056 2584.39 96.8585 -0.287849 
1.10307 0.950748 2576.84 104.055 -0.241105 
1.44482 0.946307 2608.55 114.981 -0.291992 
1.65014 0.946658 2606.21 129.946 -0.202433 
1.70418 0.948385 2621.56 134.397 -0.304512 
1.30731 0.951703 4410.33 149.518 -0.31941 
1.37722 0.954544 4372.9 174.337 -0.313089 
1.80769 0.945355 4440.13 196.392 -0.316479 
2.03518 0.946084 4474.78 211.715 -0.295553 
2.31556 0.952293 4533.09 236.102 -0.335246 
1.83687 0.949379 8175.02 270.13 -0.282764 
2.1744 0.951919 8293.24 332.256 -0.415321 
2.31752 0.952448 8200.62 366.075 -0.316105 
2.27061 0.93976 8080.11 403.293 -0.36551 
3.11344 0.933895 8594.64 453.014 -0.324445 
1.70806 0.918507 9005.66 319.01 -0.308279 
2.69117 0.956482 9460.42 389.047 -0.258743 
2.73057 0.944002 9413.41 395.513 -0.347491 
2.79855 0.932692 9337.54 461.625 -0.33347 
3.1225 0.954157 9576.66 503.671 -0.450486 
2.85953 0.905199 19388.1 745.508 -0.256702 
3.09889 0.9181 19611 719.099 -0.457461 
3.91405 0.929137 20444.6 956.498 -0.394762 
3.75738 0.914212 19898.4 992.811 -0.292193 
4.35692 0.920663 20804.1 1219.99 -0.34808 
2.3708 0.87562 27770.1 1035.57 -0.346671 
3.76033 0.889449 30481.8 1353.95 -0.281895 
5.34411 0.871008 33612.3 1717.28 -0.0801008 
6.13381 0.894273 35416.6 2010.54 -0.206933 
6.54495 0.902869 36493.9 2208.73 -0.25676 
4.48943 0.900281 54377.9 2083.42 -0.132359 
5.11697 0.87458 56226.8 2603.85 -0.105815 
6.57022 0.87588 61452 3202.4 -0.226149 
7.54678 0.911591 65887.1 3851.01 -0.414788 
7.73984 0.829353 65917.6 4055.23 -0.184639 
PDF: Cut Value 1 and TKR Plane 11
1.20496 0.983925 112.009 25.2208 -0.151882 
5.75515e-10 1.0005 115.568 23.3029 -0.217239 
8.11082e-11 0.992393 123.128 20.9107 -0.284188 
0.013714 0.985042 126.624 19.1345 -0.276839 
1.22037e-10 0.973324 128.197 18.2146 -0.308063 
1.84619e-09 0.981257 191.851 27.5616 -0.224586 
1.84619e-09 0.966722 196.509 24.7338 -0.192895 
1.84619e-09 0.978726 203.836 24.1147 -0.233569 
2.18216e-10 0.99099 211.07 22.301 -0.330615 
1.28076e-10 0.979434 211.759 21.5075 -0.331664 
8.94303e-11 0.980791 362.906 33.3289 -0.282784 
1.84619e-09 0.994531 365.659 33.7771 -0.24057 
0.0911433 0.987233 373.151 30.9119 -0.270181 
1.70397e-10 0.982747 378.01 29.2669 -0.294195 
9.57077e-11 0.981939 375.012 30.2396 -0.268976 
1.3152e-10 0.987834 700.216 45.9619 -0.249982 
0.397551 0.969624 710.76 43.4935 -0.218465 
0.372318 0.979601 714.865 43.2743 -0.262398 
0.593188 0.967114 726.177 43.2678 -0.2489 
0.62796 0.969091 722.501 46.3435 -0.244011 
9.6712e-11 0.97126 783.996 47.7553 -0.231557 
0.447724 0.974344 800.71 46.6307 -0.260725 
0.483258 0.977056 804.255 47.9818 -0.291134 
0.518866 0.955015 807.242 46.7178 -0.231312 
0.603406 0.945982 807.778 46.0559 -0.246101 
0.712617 0.970579 1679.28 71.0642 -0.274798 
0.645488 0.941856 1660.32 72.1852 -0.25031 
0.893165 0.959486 1674.13 81.6989 -0.294384 
0.965156 0.95536 1675.54 82.3846 -0.281764 
1.0373 0.945384 1678.21 86.1539 -0.294005 
0.850161 0.960119 2568.38 94.2956 -0.37019 
0.949381 0.930924 2546.93 104.417 -0.227373 
1.23917 0.949513 2563.99 116.5 -0.282177 
1.41062 0.969911 2587.38 126.653 -0.339524 
1.70039 0.92418 2609.03 129.767 -0.213547 
1.18331 0.962066 4371.96 156.138 -0.393399 
1.38054 0.944351 4363.49 166.512 -0.302341 
1.70494 0.94182 4409.55 184.511 -0.322674 
1.92483 0.94096 4416.31 211.935 -0.261222 
2.08528 0.959001 4461.04 230.85 -0.338226 
1.87618 0.934413 8185.6 273.167 -0.293251 
2.16863 0.939638 8237.82 329.108 -0.257401 
2.56339 0.956464 8360.42 385.524 -0.302601 
2.86451 0.96108 8472.03 442.744 -0.369485 
2.99732 0.943145 8535.87 433.046 -0.340304 
1.9222 0.923779 9126.3 286.957 -0.245775 
2.14372 0.951238 9153.9 353.52 -0.362175 
2.44598 0.954305 9206.72 419.93 -0.390011 
2.79112 0.944295 9332.17 495.874 -0.317201 
3.19319 0.940827 9570.65 508.831 -0.272401 
2.46199 0.925658 18871.7 644.129 -0.357079 
2.46923 0.9024 18576.2 701.142 -0.417624 
3.96151 0.907706 20422.3 945.891 -0.204689 
3.82629 0.932318 19928.3 1109.26 -0.323323 
4.92723 0.907666 21710.6 1229.24 -0.242698 
3.62731 0.928674 30543 1101.26 -0.0907983 
3.26337 0.934037 29482.8 1263.19 -0.444956 
6.84638 0.908931 37583.2 2107.05 -0.0711112 
5.59176 0.915336 34101.4 2055.47 -0.271768 
5.49835 0.891485 33996.2 1859.01 -0.39801 
3.37396 0.877044 49707.3 1770.57 -0.104757 
4.71926 0.968831 55024.4 2525.42 -0.487064 
6.13532 0.870958 60238.5 2749.75 -0.366116 
6.95542 0.898287 62548.5 3820.77 -0.304083 
5.70064 0.889961 57135.6 3507.77 -0.45296 
PDF: Cut Value 1 and TKR Plane 12
1.32922e-10 0.998348 107.642 25.7214 -0.239649 
9.85365e-11 0.986786 110.868 22.9703 -0.213912 
1.84619e-09 1.00033 119.46 22.0073 -0.28116 
1.08028e-10 0.976742 124.23 19.2659 -0.268675 
1.84619e-09 0.970799 124.67 18.9676 -0.256912 
0.128421 0.979392 187.244 28.7094 -0.145586 
1.20628e-10 0.967622 191.286 26.131 -0.172572 
0.145608 0.976822 200.942 24.8626 -0.239288 
4.69819e-09 0.979926 207.88 22.5444 -0.324009 
1.83963e-10 0.970428 207.61 22.9641 -0.269629 
1.84619e-09 0.977899 356.576 34.1328 -0.25221 
1.17166e-10 0.987322 358.178 33.0045 -0.220436 
0.0108331 0.987126 367.944 31.9445 -0.301624 
0.29582 0.970993 376.112 29.3438 -0.214667 
0.275094 0.984467 377.597 30.3597 -0.28783 
0.235784 0.986524 701.958 45.8153 -0.283338 
0.246794 0.985838 703.834 43.7416 -0.296438 
0.326006 0.979103 707.694 45.1852 -0.255119 
0.731901 0.964901 726.975 42.9431 -0.293385 
0.251989 0.960427 709.641 44.0787 -0.312119 
1.40962e-10 0.979274 779.849 50.0244 -0.278661 
0.355798 0.975376 782.76 47.4851 -0.169706 
0.48851 0.953955 798.322 45.8047 -0.251333 
0.514216 0.966596 801.041 47.7839 -0.241531 
0.438773 0.960034 796.439 47.0932 -0.229406 
0.415962 0.962158 1637.67 75.0266 -0.1426 
0.914945 0.970614 1673.19 78.0528 -0.233407 
0.900926 0.9688 1670.75 83.917 -0.316501 
1.07017 0.947693 1673.24 85.781 -0.21793 
1.13664 0.960928 1701.34 80.6276 -0.501438 
0.564857 0.937204 2516.9 91.9914 -0.249712 
0.942156 0.9494 2532.05 101.595 -0.247159 
1.29147 0.950776 2573.81 116.236 -0.322568 
1.1976 0.943503 2532.11 121.276 -0.238437 
1.68471 0.932321 2610.17 128.592 -0.262773 
1.0854 0.954755 4320.08 159.36 -0.25668 
1.34175 0.956172 4362.47 171.777 -0.376581 
1.63888 0.944057 4377.66 187.074 -0.315663 
2.19986 0.946224 4496.6 221.575 -0.263189 
2.0467 0.911348 4428.26 218.082 -0.240672 
1.98382 0.948853 8190.58 278.161 -0.133109 
2.07854 0.932844 8180.48 296.648 -0.309317 
2.08266 0.949177 8076.85 345.811 -0.393969 
2.62903 0.958615 8326.46 421.643 -0.371854 
2.75635 0.953031 8372.24 449.77 -0.319331 
1.737 0.941877 8989.93 295.018 -0.286632 
2.22735 0.922213 9191.33 349.519 -0.319165 
2.58731 0.941448 9255.95 404.629 -0.275744 
2.66305 0.943307 9248.51 461.41 -0.324709 
3.14279 0.923568 9534.95 481.907 -0.292961 
2.56987 0.894513 19006.3 553.488 -0.289254 
3.14954 0.938295 19695.7 727.76 -0.441207 
3.3237 0.90617 19418.1 874.463 -0.302211 
3.97375 0.919304 20336.5 1013.37 -0.341146 
4.1384 0.939548 20432 1081.52 -0.359216 
2.83551 0.936042 29030.8 1029.44 -0.352937 
4.03858 0.913854 31292.3 1160.85 -0.371087 
5.53846 0.891737 34298.5 1728.97 -0.157911 
4.77694 0.909651 32022.6 1820.9 -0.356703 
6.5368 0.883632 36092.4 2092.1 -0.117493 
3.88687 0.947257 52277.8 1918.56 -0.441378 
5.07649 0.862068 56593.2 2201.75 -0.478566 
6.11926 0.914562 59980.3 3096.06 -0.405977 
6.26038 0.87133 59245 3435.17 -0.212612 
7.91556 0.838696 66425.9 4524.89 -0.167196 
PDF: Cut Value 1 and TKR Plane 13
1.84619e-09 0.993909 103.409 26.1899 -0.182318 
8.39327e-11 0.991401 107.079 24.7416 -0.182487 
1.55605e-10 0.985328 115.104 22.0007 -0.243839 
1.02031e-10 0.980905 120.821 20.732 -0.264757 
0.116699 0.965821 122.146 19.897 -0.228732 
1.84619e-09 0.99348 183.888 30.4663 -0.243941 
1.84619e-09 0.96708 187.525 27.2692 -0.228757 
2.07164e-10 0.993276 197.101 26.8429 -0.268133 
1.75384e-10 0.973888 203.514 23.6208 -0.280514 
3.56123e-10 0.969154 203.633 23.1558 -0.266872 
1.40261e-10 0.983254 350.887 36.8911 -0.251359 
0.032486 1.00007 356.57 34.8356 -0.308228 
1.84619e-09 0.969916 360.588 32.6913 -0.219168 
1.38275e-10 0.98545 368.825 31.1126 -0.272003 
8.47464e-11 0.972707 370.307 30.1561 -0.274461 
1.39969e-10 0.991392 689.301 47.7533 -0.312552 
0.44571 0.981581 698.314 47.2254 -0.226415 
0.310422 0.983112 700.959 46.6497 -0.253884 
0.493162 0.963021 715.187 44.3816 -0.261513 
0.302484 0.959493 704.168 43.856 -0.246865 
2.02027e-10 0.977051 771.728 51.386 -0.256793 
0.35599 0.962477 784.635 45.9585 -0.280598 
0.383132 0.963155 786.438 47.7995 -0.229862 
0.456803 0.961247 798.064 46.4156 -0.3036 
0.407142 0.953709 790.304 48.0362 -0.245871 
0.372142 0.981873 1628.59 75.1518 -0.238055 
0.851027 0.970472 1661.22 79.0871 -0.253079 
0.801666 0.953747 1651.23 77.673 -0.245275 
0.8468 0.960705 1660.97 81.1271 -0.369053 
1.10275 0.939033 1676.47 82.9957 -0.319134 
0.669093 0.945234 2505.65 100.646 -0.248585 
1.27686 0.950297 2567.86 107.322 -0.241412 
1.2024 0.947913 2547.59 110.276 -0.286718 
1.59347 0.960135 2596.55 133.405 -0.277743 
1.28079 0.953926 2547.38 126.264 -0.382842 
1.06343 0.959706 4311.52 147.912 -0.342135 
1.40909 0.946246 4343.47 170.06 -0.269991 
1.56301 0.95033 4337.9 183.673 -0.285471 
1.73994 0.938533 4358.62 202.932 -0.290534 
1.9955 0.933785 4430.07 214.394 -0.361077 
1.86056 0.947303 8138.16 257.838 -0.282376 
2.05867 0.952232 8176.9 289.149 -0.338245 
2.36596 0.954206 8247.37 359.431 -0.333842 
2.81018 0.937038 8378.45 405.016 -0.214801 
3.0413 0.938063 8548.1 428.373 -0.357597 
1.95272 0.937887 9122.06 292.957 -0.348643 
2.08438 0.925406 9058 329.88 -0.27771 
2.57221 0.947939 9251.5 396.57 -0.270128 
2.58468 0.934844 9189.68 447.489 -0.310978 
3.26836 0.940342 9645.32 493.853 -0.345565 
2.52284 0.897534 18834.7 574.97 -0.217606 
3.27218 0.890989 19613.7 761.924 -0.166589 
2.93418 0.925 18825.9 850.086 -0.312331 
4.18931 0.934723 20556.2 1006.78 -0.343798 
4.48986 0.899728 20997.5 1069.28 -0.313819 
2.98466 0.891923 29266 981.933 -0.317536 
3.46265 0.875403 29810.9 1171.3 -0.245042 
4.18852 0.9096 30947.3 1521.1 -0.256491 
5.16254 0.92196 33466.9 1642.52 -0.451405 
5.58259 0.906514 34188.7 1885.56 -0.375187 
4.56009 0.884522 54756.3 1840.61 -0.222438 
4.05512 0.851403 51817.7 2029.79 -0.334489 
5.84967 0.908663 58306.8 3195.66 -0.295224 
6.46721 0.858945 60296.3 3694.32 -0.25905 
7.74391 0.885215 65594.8 4037.15 -0.291841 
PDF: Cut Value 1 and TKR Plane 14
1.84619e-09 0.993362 99.735 26.1006 -0.156882 
2.02703e-10 0.990123 103.576 24.5857 -0.183337 
1.64415e-10 0.982089 111.393 22.5015 -0.22548 
2.15206e-10 0.977426 118.416 21.1531 -0.288387 
1.84619e-09 0.968144 118.698 20.7427 -0.227803 
1.84619e-09 0.973101 177.238 30.8515 -0.124962 
1.84619e-09 0.970292 184.278 27.5148 -0.279454 
1.87516e-10 0.980479 191.13 26.9365 -0.208732 
0.0817818 0.977511 199.937 24.6402 -0.256623 
1.41125e-10 0.963714 201.181 24.4063 -0.273343 
1.84619e-09 0.985017 343.62 38.0053 -0.214733 
0.280089 0.991057 350.906 37.1702 -0.23103 
0.280696 0.982977 359.533 34.6285 -0.253131 
1.75437e-10 0.973933 364.799 31.1496 -0.23558 
1.32329e-10 0.971372 363.241 32.0214 -0.223887 
1.52967e-10 0.995574 678.288 52.2676 -0.246967 
0.220969 0.983814 684.473 48.4238 -0.218516 
0.286445 0.970154 693.963 46.2577 -0.230211 
0.638004 0.965784 712.02 44.2343 -0.260371 
0.445718 0.969516 709.11 44.6488 -0.309678 
0.276099 0.970374 767.325 49.3562 -0.21767 
1.84619e-09 0.977034 766.371 50.5727 -0.285284 
0.280144 0.973328 778.707 50.2199 -0.282346 
0.597458 0.958355 797.023 46.7572 -0.262905 
0.614769 0.963832 796.146 49.3811 -0.240072 
0.228644 0.979965 1614.78 77.4105 -0.254013 
0.577783 0.967447 1623.15 77.1493 -0.192866 
1.08311 0.978797 1675.85 81.9677 -0.324258 
1.16621 0.951226 1677.43 84.4809 -0.239641 
1.32037 0.952385 1690.96 86.6294 -0.316306 
0.741712 0.966001 2509.64 99.6883 -0.25417 
0.938648 0.969774 2526.1 106.305 -0.322368 
1.20933 0.960474 2544.26 117.647 -0.29218 
1.48875 0.963296 2574.81 127.51 -0.26882 
1.55148 0.948266 2573.03 131.166 -0.28439 
1.11156 0.960119 4302.37 153.473 -0.246567 
1.15493 0.949888 4286.52 163.302 -0.335123 
1.66954 0.945608 4364.48 196.479 -0.301533 
1.90553 0.95684 4413.74 210.881 -0.328219 
1.97913 0.946269 4422.19 220.127 -0.37251 
1.60983 0.919035 8018.96 242.611 -0.333831 
1.71109 0.946437 7959.21 293.264 -0.366451 
2.05327 0.941836 8034.03 343.848 -0.339145 
2.55303 0.9466 8274.79 396.985 -0.368166 
2.58744 0.92443 8229.66 417.482 -0.300239 
1.43896 0.934695 8804.09 292.307 -0.355493 
2.00762 0.953094 9016.92 336.594 -0.346084 
2.71797 0.952211 9365.25 395.265 -0.306169 
2.40401 0.959149 9039.27 447.657 -0.310163 
2.93736 0.920745 9393.37 466.157 -0.304254 
2.29171 0.88278 18573.2 559.493 -0.258237 
2.94423 0.936281 19289.9 693.161 -0.483596 
3.40115 0.956105 19608.2 887.317 -0.418049 
3.2069 0.922167 18980.1 1021.96 -0.397463 
4.34438 0.920039 20698.5 1071.28 -0.265606 
3.08193 0.884171 29335.2 1001.83 -0.152361 
3.08859 0.928582 29046.7 1132.24 -0.413892 
3.78557 0.939822 29843.3 1577.54 -0.391769 
5.77867 0.925725 34537.8 1870.49 -0.221412 
5.07682 0.902185 32651.3 1882.03 -0.251739 
4.0349 0.891427 52753.9 1767.43 -0.299484 
4.55291 0.899083 53846.6 2204.91 -0.383037 
5.87042 0.926561 58350.8 3587.82 -0.320832 
6.34124 0.87665 59382.1 3327.67 -0.223637 
7.49366 0.888254 64700.1 4123.52 -0.274547 
PDF: Cut Value 1 and TKR Plane 15
1.89241e-10 0.997268 93.9136 27.7672 -0.0863467 
1.08867e-10 0.997054 99.2312 26.7378 -0.147636 
0.0477581 0.988271 107.238 24.5772 -0.196528 
1.14054e-10 0.977615 114.599 22.3662 -0.243795 
1.84619e-09 0.964752 115.518 21.7005 -0.212264 
1.18574e-10 0.981115 175.957 32.5309 -0.237337 
1.84619e-09 0.977732 178.455 31.3097 -0.19614 
1.48475e-10 0.991301 188.543 29.4128 -0.251501 
1.58546e-10 0.990973 195.02 26.861 -0.235733 
0.0565009 0.970336 199.402 25.6073 -0.305689 
1.84619e-09 0.975436 337.665 39.2319 -0.210794 
1.84619e-09 0.982593 342.948 37.8118 -0.23618 
1.84619e-09 0.990077 351.937 36.0332 -0.239321 
0.414758 0.975093 365.327 33.2521 -0.229339 
0.306012 0.979585 365.612 33.4067 -0.265697 
1.30452e-10 0.988153 670.068 52.6694 -0.214612 
1.45216e-10 0.98185 676.116 48.7681 -0.27641 
0.291871 0.990396 688.297 48.6227 -0.301965 
0.570046 0.968727 706.722 47.5489 -0.276281 
0.505633 0.964876 699.261 47.2787 -0.189116 
0.381513 0.97828 763.507 55.0654 -0.207395 
1.33619e-10 0.973214 757.901 53.0212 -0.245228 
0.433415 0.969301 771.5 51.2432 -0.158795 
0.362643 0.96624 779.426 47.7718 -0.193718 
0.230618 0.955458 775.246 49.6579 -0.21592 
0.53894 0.97932 1616.01 82.7638 -0.169564 
0.788042 0.971864 1638.67 81.8069 -0.214151 
0.931253 0.955564 1645.17 80.5467 -0.245374 
0.857475 0.973277 1647.54 88.1024 -0.276264 
0.995739 0.950345 1649.92 88.2466 -0.268592 
0.732259 0.957444 2497.49 100.399 -0.238239 
0.7917 0.955032 2483.62 109.955 -0.176393 
1.09039 0.94781 2508.94 112.21 -0.221674 
1.48256 0.95275 2570.83 121.862 -0.284501 
1.47612 0.929774 2561.96 123.247 -0.298847 
1.12678 0.959749 4297.81 157.49 -0.271136 
1.41675 0.943117 4320.64 164.522 -0.229672 
1.52503 0.960972 4336.73 185.473 -0.436283 
1.93627 0.94107 4410.86 208.871 -0.271671 
2.28721 0.932179 4476.48 217.553 -0.261447 
1.59484 0.934734 7984.27 254.498 -0.202309 
1.92817 0.930302 8077.19 291.596 -0.299956 
2.20148 0.933125 8111.59 337.089 -0.330332 
2.59765 0.96118 8263.07 395.067 -0.309705 
2.8226 0.92347 8375.8 412.795 -0.316071 
1.3575 0.930719 8703.14 302.149 -0.244966 
2.08703 0.942509 9057.68 328.884 -0.300541 
2.63141 0.956092 9266.8 414.672 -0.300407 
2.7131 0.932956 9276.32 442.771 -0.310756 
2.93555 0.919337 9324.15 465.94 -0.226766 
2.96474 0.900103 19384.2 637.57 -0.106409 
2.5921 0.908018 18738.1 732.695 -0.365177 
3.7463 0.906065 20047.9 845.331 -0.243549 
4.10587 0.930571 20458.7 986.396 -0.379348 
4.49279 0.914424 21066 1097.66 -0.358228 
2.62238 0.861061 28422.1 829.959 -0.234187 
4.32434 0.903562 31972.7 1175.9 -0.426532 
3.49684 0.925337 29175.2 1420.16 -0.293449 
4.80126 0.948061 31986 1809.93 -0.267439 
5.87916 0.893793 34592.1 2043.81 -0.239744 
3.53047 0.901781 50527.5 1675.81 -0.239646 
5.1828 0.93371 56769.5 2592 -0.378715 
4.53318 0.908672 52489.8 2484.18 -0.373015 
7.39424 0.885354 64414.9 3592.05 -0.224313 
7.14752 0.897435 62999.2 3958.88 -0.320288 
PDF: Cut Value 1 and TKR Plane 16
3.25277e-10 0.996377 90.2454 28.093 -0.0984302 
1.05051e-10 0.994858 95.8539 27.4166 -0.158592 
0.0520321 0.998762 103.942 26.1089 -0.197902 
1.84619e-09 0.980828 111.833 22.734 -0.237145 
1.21698e-10 0.967802 112.344 22.0407 -0.247269 
9.96823e-11 0.986065 169.376 33.5925 -0.182489 
0.111151 0.981673 175.48 32.8523 -0.227172 
1.84619e-09 0.993099 183.14 29.8804 -0.243068 
2.80368e-09 0.974546 190.913 27.4434 -0.212979 
1.84619e-09 0.963482 194.945 25.9075 -0.281526 
1.17737e-10 0.989818 333.184 40.7176 -0.292046 
0.308915 0.990187 340.727 40.1577 -0.25132 
1.84619e-09 0.989284 345.682 36.7779 -0.272878 
0.173441 0.98289 359.529 33.755 -0.260517 
0.20728 0.966873 361.471 33.3382 -0.265914 
1.31499e-10 0.995491 665.014 55.4741 -0.256982 
0.206746 0.989391 674.219 52.2552 -0.289757 
0.0757975 0.985269 674.709 50.5835 -0.247063 
0.392632 0.959554 696.484 46.065 -0.262035 
0.504547 0.963448 697.517 46.793 -0.252061 
0.149217 0.976236 748.457 57.1269 -0.211178 
0.342942 0.985093 759.86 55.2245 -0.245911 
1.84619e-09 0.976576 755.629 50.5759 -0.25367 
0.389976 0.967015 780.26 49.4734 -0.304996 
0.383699 0.953594 782.099 50.9896 -0.323581 
0.237278 0.987377 1591.28 87.2952 -0.21784 
0.532025 0.997576 1617.73 84.3563 -0.356288 
0.609584 0.961669 1602.15 85.3007 -0.164922 
0.832805 0.960621 1638.28 86.0499 -0.291322 
1.025 0.953441 1648.89 87.5802 -0.294685 
0.941088 0.953999 2513.65 104.655 -0.239183 
0.858505 0.957809 2488.86 107.046 -0.232818 
1.2381 0.949747 2517 116.055 -0.200992 
1.32929 0.971186 2542.27 124.893 -0.326642 
1.4665 0.915865 2545.08 123.737 -0.244762 
1.15308 0.956467 4277.47 154.299 -0.132266 
1.36386 0.951358 4305.1 163.281 -0.291513 
1.56774 0.955716 4310.57 189.816 -0.262541 
1.81644 0.953691 4361.37 198.722 -0.254777 
2.15178 0.916923 4433.47 212.856 -0.204597 
1.52961 0.92224 7936.01 249.74 -0.256626 
1.81655 0.941135 7968.59 294.96 -0.254905 
2.47048 0.940752 8246.64 352.881 -0.256743 
2.4633 0.965221 8217.85 374.924 -0.407701 
2.70472 0.953603 8301.94 446.036 -0.312918 
1.5683 0.922956 8812.48 306.695 -0.149201 
2.18675 0.935096 9098.54 331.961 -0.238889 
2.51908 0.94486 9180.62 404.918 -0.276064 
2.94192 0.938153 9392.03 441.999 -0.270955 
3.20109 0.927602 9523.64 490.014 -0.289719 
2.17203 0.918169 18417.4 595.743 -0.316022 
3.0224 0.963463 19413.8 741.346 -0.525263 
3.1531 0.928509 19142.3 838.954 -0.308846 
3.94944 0.947504 20205.3 988.068 -0.305537 
4.29436 0.934542 20603.3 1151.06 -0.345048 
2.71708 0.869228 28399.4 843.224 -0.103073 
3.86364 0.906974 30682.1 1130.9 -0.225221 
4.10399 0.919491 30618.9 1441.92 -0.278564 
5.08433 0.951832 32654.1 1848.2 -0.267511 
5.9103 0.920602 34918.7 2041.29 -0.388921 
2.68556 0.919286 47153.8 1826.59 -0.488784 
4.56834 0.915072 53760.6 2200.99 -0.247877 
5.58071 0.921204 57417.1 2951.14 -0.396605 
6.77242 0.89352 62161.2 3455.19 -0.389719 
5.73845 0.893902 57030.5 3344.99 -0.432087 
PDF: Cut Value 1 and TKR Plane 17
1.84619e-09 0.993711 87.1937 28.6924 -0.0967023 
1.84619e-09 1.00001 93.1996 27.4686 -0.177977 
1.09608e-10 0.997254 98.2144 27.0944 -0.159526 
1.12112e-10 0.98779 107.627 24.0088 -0.193728 
9.93552e-11 0.970918 110.011 23.3787 -0.221392 
1.84619e-09 0.982196 163.008 35.5426 -0.160467 
1.33543e-10 0.984451 171.396 33.2516 -0.225832 
1.84619e-09 0.99271 177.113 32.1426 -0.230653 
1.84619e-09 0.980581 190.133 27.8466 -0.297063 
1.49748e-10 0.963343 190.431 27.0727 -0.22059 
1.84619e-09 0.989355 323.239 44.4782 -0.194056 
1.81493e-09 0.976757 329.807 39.3308 -0.167472 
1.84619e-09 0.988567 340.234 38.4494 -0.249202 
0.179154 0.988435 352.787 34.9708 -0.222503 
0.191298 0.966968 357.98 33.7161 -0.288283 
1.84619e-09 0.984116 654.855 55.0977 -0.228606 
0.142529 0.981669 663.198 53.7169 -0.221647 
0.225119 0.977893 670.458 50.8001 -0.225001 
1.66529e-10 0.982396 679.235 49.8171 -0.277418 
0.0973447 0.9619 680.843 48.0474 -0.232663 
0.161206 0.975142 741.194 58.5818 -0.18331 
0.300589 0.980409 750.554 55.4333 -0.23936 
0.428344 0.979839 753.676 54.3563 -0.154173 
0.369078 0.970781 769.546 51.5479 -0.215693 
0.348007 0.960016 768.455 51.9529 -0.193996 
1.38785e-10 0.980897 1564.04 88.2017 -0.208415 
0.446722 0.974665 1592.24 82.2969 -0.270266 
0.526865 0.968129 1593.22 86.3403 -0.23818 
0.905689 0.961906 1631.23 83.4386 -0.202222 
0.968029 0.956537 1640.07 88.39 -0.279965 
0.384122 0.951717 2433.77 104.375 -0.199468 
0.671561 0.928513 2442.51 106.859 -0.163531 
0.937695 0.967003 2475.12 117.107 -0.317536 
1.24508 0.957269 2517.28 119.069 -0.310703 
1.14797 0.960593 2496.94 129.212 -0.303535 
1.16829 0.969305 4262.02 161.489 -0.194283 
1.12547 0.941682 4226.6 168.836 -0.256164 
1.5122 0.960242 4303.55 177.27 -0.377881 
1.80585 0.954187 4357.34 203.692 -0.309042 
1.69932 0.936299 4304.01 216.685 -0.298685 
1.65604 0.951504 7960.34 272.873 -0.255088 
1.79237 0.936801 7952.01 295.846 -0.258326 
2.12465 0.948215 8051.19 323.951 -0.328361 
2.49791 0.939677 8163.56 373.566 -0.224239 
2.41569 0.921522 8123.06 389.14 -0.302164 
1.45632 0.92215 8737.51 288.459 -0.201264 
1.69807 0.937923 8765.92 327.594 -0.285764 
2.42613 0.958651 9093.15 399.471 -0.239986 
2.59316 0.958231 9170.51 443.888 -0.356195 
2.95025 0.946971 9353.49 492.443 -0.283279 
2.47171 0.940565 18795.1 630.16 -0.322839 
2.50311 0.947795 18537.1 685.756 -0.367364 
3.45357 0.933062 19534.5 884.74 -0.300307 
3.8086 0.941404 19735 1055.68 -0.166448 
4.75531 0.940586 21403.3 1147.34 -0.374085 
3.08338 0.93802 29332.7 1005.06 -0.257592 
3.33472 0.880022 29629.6 947.079 -0.391455 
4.47947 0.932641 31778.9 1479.42 -0.435951 
4.78096 0.929157 32123.4 1583.51 -0.327875 
5.55404 0.919875 33991.5 1855.13 -0.412931 
3.23293 0.939174 49327.6 1719.42 -0.383743 
5.16291 0.902983 56439 2192.65 -0.273383 
6.18362 0.919115 59174.5 3253.64 -0.0628332 
6.66808 0.945167 61466.3 3724.83 -0.378778 
7.46601 0.915218 64673.6 4054.97 -0.391619 
