COMMENTS: Created on the 05/03/05
COMMENTS: Axes are: Energy and Angle
COMMENTS: PDFs are: Cut Value and TKR Plane (3x16)
COMMENTS: Parameters are: TKR Hits Coefficient(1), Log Normal Parameters(4)
COMMENTS: Log Normal Parameters are: Norm, MPV, Width, Tail
#PDFs: 48 #Parameters: 5
AXES:
2
9 5
50 60 100 200 300 500 900 1000 2000
0.84804809615642596 0.89879404629916704 0.95105651629515353 0.98480775301220802 1
COMMENTS: TKR plane 2
PDF: Cut Value 0 and TKR Plane 2
0 0.00669375 29.9523 11.8562 -0.769069
0 0.00778556 32.3486 9.7798 -0.743381
0 0.00899521 33.7672 8.48293 -0.70979
0 0.00952717 33.8813 8.08788 -0.695478
0 0.0101051 33.6765 8.12306 -0.654445
0 0.00728265 37.7036 11.78 -0.647595
0 0.00613715 41.0398 10.8349 -0.802025
0 0.00751319 42.3519 9.17672 -0.753379
0 0.00799644 42.6455 8.79029 -0.739669
0 0.00834753 42.1069 8.87114 -0.707908
0 0.00556574 70.7289 14.5783 -0.587718
0 0.00395505 77.0132 12.5718 -0.885039
0 0.00480713 77.7476 11.1316 -0.830942
0 0.00552948 76.4424 11.7393 -0.734771
0 0.00564699 75.589 11.9732 -0.719644
0 0.00359755 157.746 20.0746 -0.615077
0 0.00247722 164.132 17.5373 -0.882985
0 0.00291629 165.402 16.4509 -0.832811
0 0.00326935 161.624 17.5869 -0.759226
0 0.00344475 157.692 19.9901 -0.678672
0 0.00316266 242.429 25.1679 -0.510269
0 0.00287885 249.643 21.125 -0.640815
0 0.00309174 248.603 19.5872 -0.641959
0 0.0027772 245.089 21.3795 -0.690607
0 0.0028458 238.273 25.916 -0.617679
0 0.00227518 418.314 29.9613 -0.518346
0 0.00177877 420.515 30.2968 -0.689297
0 0.00180383 417.52 30.4202 -0.703508
0 0.00215234 403.592 35.0477 -0.50114
0 0.00201058 393.666 39.6694 -0.548844
0 0.0014639 757.96 42.7569 -0.535824
0 0.00122364 748.891 50.3655 -0.543161
0 0.00130853 735.292 55.3872 -0.477245
0 0.00116205 717.843 64.0272 -0.529035
0 0.00122724 689.421 70.0154 -0.497336
0 0.00169228 836.859 43.3508 -0.254182
0 0.00119634 827.971 53.5055 -0.485827
0 0.00117291 815.654 61.6728 -0.48315
0 0.00101114 797.825 66.2034 -0.597153
0 0.00104014 764.676 78.3513 -0.536853
0 0.000696242 1644.67 92.7703 -0.363199
0 0.000557463 1611.8 116.74 -0.452445
0 0.000594636 1566.91 120.963 -0.427123
0 0.000573622 1518.59 135.377 -0.438311
0 0.000578265 1456.29 158.34 -0.434647
PDF: Cut Value 0 and TKR Plane 3
0 0.00981703 17.7164 14.3401 -0.474826
0 0.00795273 19.841 16.2708 -0.602098
0 0.00638472 24.1342 15.2305 -0.767789
0 0.00760868 25.6442 12.9027 -0.67901
0 0.00718011 26.2476 12.9363 -0.716651
0 0.00848087 25.4573 14.6852 -0.457419
0 0.007142 28.2517 15.5929 -0.576207
0 0.00599872 32.9811 14.3454 -0.733401
0 0.00660515 33.7491 13.7459 -0.678393
0 0.0060182 34.4427 13.7916 -0.740749
0 0.00644373 58.4234 15.6454 -0.438839
0 0.00497855 62.1832 16.8274 -0.60607
0 0.00437221 67.0942 15.8706 -0.733285
0 0.00404041 68.3187 16.0395 -0.792523
0 0.00472505 67.082 15.7926 -0.685202
0 0.00419452 143.731 19.8096 -0.526262
0 0.00323606 146.398 23.3885 -0.591945
0 0.0021332 154.66 22.1217 -0.879464
0 0.00257164 153.101 22.0006 -0.786826
0 0.00285479 149.748 23.3703 -0.708454
0 0.00356957 231.743 22.6734 -0.528564
0 0.00248667 232.757 26.1342 -0.639046
0 0.00194055 239.74 23.7952 -0.807335
0 0.00246983 234.778 25.9525 -0.644555
0 0.00236216 229.37 29.7109 -0.640674
0 0.0022459 409.329 28.2047 -0.683571
0 0.00193189 406.122 31.0377 -0.628148
0 0.00157028 406.509 33.6581 -0.692055
0 0.00183488 397.578 38.4979 -0.54278
0 0.0016431 387.463 42.5075 -0.645717
0 0.00189582 746.322 43.6385 -0.428341
0 0.00144682 740.008 45.4622 -0.543652
0 0.000977821 730.032 58.4591 -0.627653
0 0.00113734 710.606 63.166 -0.509085
0 0.00109739 687.54 73.4177 -0.551287
0 0.00180516 829.744 46.3152 -0.372571
0 0.00144918 817.397 50.0572 -0.432245
0 0.00106606 804.825 63.6136 -0.467818
0 0.00102045 786.895 68.5386 -0.520792
0 0.00100174 760.363 82.4164 -0.535715
0 0.000856512 1655.15 89.4644 -0.400637
0 0.000729034 1614.82 99.9728 -0.377053
0 0.000488435 1574 126.31 -0.517475
0 0.000482225 1530.99 139.241 -0.557757
0 0.00057014 1467.13 152.341 -0.4654
PDF: Cut Value 0 and TKR Plane 4
0 0.0116508 10.7386 15.8356 -0.451362
0 0.0107868 10.7496 17.5564 -0.485377
0 0.00901577 12.0712 19.9889 -0.576801
0 0.00628029 13.5949 24.5607 -0.793415
0 0.00644658 16.9542 20.4972 -0.7733
0 0.0100038 19.0924 14.4184 -0.381505
0 0.0092757 20.0219 15.3613 -0.421369
0 0.00758174 21.3207 18.445 -0.530591
0 0.00617821 24.592 19.1124 -0.677962
0 0.00660206 24.9485 18.2662 -0.629661
0 0.00668769 49.9305 16.556 -0.393486
0 0.00584773 51.9965 17.9904 -0.454384
0 0.00453755 55.0488 20.8053 -0.593896
0 0.00400739 57.9103 21.2123 -0.694115
0 0.00435323 57.3368 20.6439 -0.632255
0 0.00390714 134.005 23.0043 -0.51656
0 0.00317353 136.667 24.0912 -0.619774
0 0.00209704 138.911 30.3084 -0.772346
0 0.0022181 142.491 27.7995 -0.773461
0 0.00245793 140.069 27.9673 -0.711905
0 0.00371289 218.037 25.3457 -0.386155
0 0.00264248 221.386 25.7685 -0.632697
0 0.00137921 225.363 33.8706 -0.891864
0 0.00176332 226.903 30.7855 -0.783407
0 0.00187187 221.869 33.4676 -0.737681
0 0.00254517 392.95 32.9128 -0.469576
0 0.00194137 393.113 33.5544 -0.623949
0 0.00151832 390.474 38.986 -0.623582
0 0.00138321 389.257 42.3639 -0.68291
0 0.00148861 378.012 45.9639 -0.65594
0 0.00163877 735.561 45.3156 -0.528084
0 0.00168243 724.104 48.7299 -0.376441
0 0.000996562 717.601 58.6686 -0.617521
0 0.000948101 706.299 65.2432 -0.607722
0 0.000995812 680.498 77.3797 -0.588453
0 0.00180231 815.615 48.8201 -0.358834
0 0.00149769 805.757 54.3337 -0.391718
0 0.000979482 794.046 63.5746 -0.551397
0 0.000886394 779.116 73.9968 -0.564678
0 0.000996369 752.749 79.2996 -0.53688
0 0.000900165 1646 87.3759 -0.431196
0 0.000836409 1612.44 94.1766 -0.349866
0 0.000544678 1561.89 121.333 -0.443742
0 0.00051601 1522.48 136.586 -0.471809
0 0.000547094 1470.29 152.904 -0.503756
PDF: Cut Value 0 and TKR Plane 5
0 0.0136625 2.47165 20.7717 -0.506242
0 0.0116179 0.546847 26.2474 -0.632072
0 0.0109544 0.325587 28.0029 -0.640053
0 0.00901571 0.166667 32.651 -0.736876
0 0.00917092 3.73032 28.1121 -0.682354
0 0.0105533 13.3467 16.5863 -0.395716
0 0.00937019 13.2686 19.0831 -0.47932
0 0.00954641 13.8575 18.755 -0.425707
0 0.00713472 13.7126 25.2032 -0.635485
0 0.00730209 15.5372 23.0999 -0.605669
0 0.0064659 43.6112 18.2884 -0.381884
0 0.00621431 45.4916 18.4967 -0.408712
0 0.00507901 46.2294 21.6391 -0.52091
0 0.0048027 47.6212 22.795 -0.529685
0 0.00396881 49.5629 24.7004 -0.660019
0 0.00394556 122.299 25.7825 -0.424357
0 0.0034287 125.194 26.9711 -0.498486
0 0.0025214 126.606 31.0515 -0.65469
0 0.00209811 128.671 35.663 -0.714642
0 0.00220751 129.456 33.9852 -0.70474
0 0.00257306 210.452 30.6118 -0.622738
0 0.00219544 212.468 31.5604 -0.699056
0 0.00143272 213.718 35.9587 -0.864013
0 0.00130075 214.691 39.0649 -0.876232
0 0.00144147 211.645 39.8118 -0.825485
0 0.0019468 379.597 39.1292 -0.592955
0 0.00182358 380.137 39.0707 -0.604767
0 0.00126525 380.818 42.5958 -0.748649
0 0.00104733 376.982 49.7616 -0.788227
0 0.00133567 365.217 52.0632 -0.658147
0 0.00168085 714.367 49.9299 -0.416372
0 0.00149301 712.212 51.8216 -0.467238
0 0.00109185 701.856 61.1603 -0.536193
0 0.000847709 691.097 72.2339 -0.62118
0 0.000909058 669.478 80.2247 -0.622706
0 0.00149937 798.696 54.1667 -0.426484
0 0.00153235 786.974 55.8568 -0.301398
0 0.00112693 776.407 65.3475 -0.408408
0 0.000800101 766.829 77.541 -0.59584
0 0.000890328 744.597 84.5839 -0.584049
0 0.000882363 1628.34 89.5619 -0.393577
0 0.000778891 1599.49 97.2501 -0.404681
0 0.000556219 1553.14 116.949 -0.486367
0 0.000454159 1516.95 138.827 -0.540078
0 0.000588069 1455.1 154.53 -0.417463
PDF: Cut Value 0 and TKR Plane 6
0 0.0184826 3.03923 13.1327 -0.155501
0 0.0158071 0.166667 20.1443 -0.452576
0 0.016176 0.166667 19.3051 -0.380403
0 0.0156522 0.166667 20.1436 -0.386446
0 0.0150277 0.166667 21.2721 -0.419637
0 0.0129802 7.87872 16.0783 -0.235247
0 0.0106909 8.09859 20.4083 -0.41028
0 0.00845929 5.84029 27.8834 -0.602773
0 0.00919307 9.03361 22.8652 -0.507976
0 0.00749697 6.21157 30.9352 -0.674906
0 0.00672846 37.6019 17.962 -0.182318
0 0.006456 40.6262 17.9669 -0.260021
0 0.00532519 42.0271 21.0581 -0.438882
0 0.00451185 42.9239 25.6002 -0.551963
0 0.00305837 41.9436 31.4574 -0.787132
0 0.00374961 116.078 26.2899 -0.369203
0 0.00360408 117.34 26.7286 -0.364899
0 0.00279748 121.036 29.6474 -0.548518
0 0.00240914 120.21 34.4299 -0.595799
0 0.0020884 119.663 38.1767 -0.649686
0 0.00257288 198.827 35.1985 -0.518183
0 0.00270339 200.295 33.2009 -0.491467
0 0.00160638 208.148 33.9884 -0.824058
0 0.0015206 205.126 40.733 -0.772599
0 0.000939656 205.994 48.9666 -0.986017
0 0.00188979 367.702 42.3191 -0.54743
0 0.00188568 368.18 41.8992 -0.532939
0 0.00146971 371.819 40.4662 -0.674744
0 0.00140782 364.71 46.027 -0.630254
0 0.00103286 356.317 56.7293 -0.760016
0 0.00163239 698.353 55.2186 -0.327837
0 0.00155651 697.667 55.909 -0.333113
0 0.00118242 693.866 61.3727 -0.499464
0 0.000915021 687.058 65.0797 -0.65426
0 0.000878425 659.125 80.9924 -0.597772
0 0.00126476 794.657 53.024 -0.564461
0 0.00100324 797.999 55.8283 -0.694193
0 0.00105898 772.69 63.9494 -0.488889
0 0.00105153 752.771 69.8626 -0.443936
0 0.000838532 732.909 86.3379 -0.553545
0 0.000894531 1610.58 88.5796 -0.328897
0 0.000920968 1588.93 81.1381 -0.267415
0 0.000631651 1561.35 101.036 -0.48885
0 0.000468583 1532.67 126.044 -0.605774
0 0.000471684 1463.7 157.335 -0.54956
PDF: Cut Value 0 and TKR Plane 7
0 0.0187039 0.166667 16.459 -0.296678
0 0.0192617 0.166667 16.1619 -0.25667
0 0.0206927 0.166667 14.0973 -0.125185
0 0.0173084 0.166667 18.2605 -0.318398
0 0.0177987 0.166667 17.5232 -0.265359
0 0.00947194 1.1209 30.1134 -0.628622
0 0.0118479 8.32702 17.9231 -0.339306
0 0.0106092 1.71498 27.1128 -0.51376
0 0.0106426 4.58366 24.202 -0.455337
0 0.0104361 0.166668 29.9889 -0.506547
0 0.00683293 34.5986 18.6287 -0.190055
0 0.00649259 36.279 19.1448 -0.253725
0 0.0057152 37.3449 21.5165 -0.354345
0 0.00486884 37.8746 25.3013 -0.49304
0 0.00305557 39.7876 33.1141 -0.792621
0 0.00400443 108.508 27.5199 -0.220569
0 0.00368718 113.254 26.7515 -0.310742
0 0.00278953 114.504 31.8944 -0.512895
0 0.00237405 114.852 36.7972 -0.568285
0 0.00192224 115.218 41.1209 -0.680472
0 0.00241836 196.876 36.4899 -0.562279
0 0.00221142 198.806 32.1653 -0.670108
0 0.00193922 199.887 36.9355 -0.673739
0 0.0016944 195.404 44.764 -0.664612
0 0.00116574 197.536 50.4905 -0.856359
0 0.0020153 359.469 45.7669 -0.465314
0 0.00175427 363.765 43.942 -0.550032
0 0.00178129 358.892 45.5659 -0.438769
0 0.00148467 353.813 52.6627 -0.525691
0 0.000989508 356.081 59.0851 -0.751186
0 0.0014124 696.667 59.7504 -0.4527
0 0.00141642 686.684 59.0577 -0.392047
0 0.00105286 689.431 61.7644 -0.576513
0 0.00107542 672.84 66.6545 -0.498038
0 0.000789582 654.434 87.7443 -0.637927
0 0.00149098 780.072 54.9745 -0.359914
0 0.00141138 767.925 60.1974 -0.30387
0 0.0010248 768.57 59.7457 -0.561867
0 0.000983289 746.074 72.763 -0.494411
0 0.000923016 716.972 87.032 -0.42816
0 0.000952321 1597.2 84.895 -0.227464
0 0.000767772 1576.74 91.417 -0.442918
0 0.000670723 1535.15 109.335 -0.317107
0 0.000528859 1510.34 131.439 -0.457758
0 0.000521317 1441.7 155.796 -0.429717
PDF: Cut Value 0 and TKR Plane 8
0 0.0221342 0.166667 12.4893 -0.0310985
0 0.0224316 0.166667 11.7928 0.00665329
0 0.0223674 0.166667 11.8062 0.0211955
0 0.0205725 0.166667 14.6139 -0.181994
0 0.0195618 0.166667 15.1952 -0.156927
0 0.0143649 0.166667 21.461 -0.283143
0 0.0138803 3.38084 19.1432 -0.272369
0 0.0151147 5.08808 14.6745 -0.0828008
0 0.0120983 0.166667 25.6902 -0.415332
0 0.00996129 0.166667 31.1158 -0.550783
0 0.00689658 31.8888 18.763 -0.152651
0 0.00625464 35.6756 20.7343 -0.27001
0 0.00605858 34.3363 21.1067 -0.302074
0 0.00535982 33.8776 26.029 -0.396233
0 0.00374752 34.028 33.4577 -0.666184
0 0.00354868 109.046 28.0223 -0.388276
0 0.00360394 107.302 29.5116 -0.302043
0 0.002884 110.457 32.201 -0.4809
0 0.0022671 109.468 39.2078 -0.598946
0 0.00167244 111.477 48.099 -0.733181
0 0.0027689 186.591 38.8763 -0.378812
0 0.00228034 192.549 39.1343 -0.542045
0 0.00168525 195.94 38.4945 -0.743788
0 0.0012189 192.908 49.3093 -0.846173
0 0.000706109 199.749 58.2703 -1.07686
0 0.00224164 350.707 45.9854 -0.300983
0 0.00189033 355.904 46.6471 -0.427864
0 0.00153352 357.982 48.7921 -0.565571
0 0.00112308 352.007 49.5094 -0.765091
0 0.000842856 353.221 63.9347 -0.837837
0 0.00137533 690.669 58.3769 -0.492874
0 0.0013417 684.911 59.9984 -0.428534
0 0.00118849 676.924 64.016 -0.431945
0 0.0011102 661.818 67.022 -0.454148
0 0.000774243 650.167 84.8278 -0.659464
0 0.001359 768.253 62.7932 -0.372846
0 0.00135413 767.569 59.5602 -0.310356
0 0.000859852 769.696 62.0436 -0.690021
0 0.000940016 746.801 73.335 -0.525185
0 0.000818409 722.36 88.5932 -0.547649
0 0.000953164 1595.62 91.1337 -0.246173
0 0.000831061 1570.06 90.5948 -0.316206
0 0.000514629 1545.94 107.89 -0.597343
0 0.000620782 1493.83 118.134 -0.349514
0 0.000486817 1453.43 143.919 -0.527062
PDF: Cut Value 0 and TKR Plane 9
0 0.0243368 0.166667 9.81894 0.133289
0 0.024331 0.166667 9.28418 0.177029
0 0.0241686 0.166667 9.38739 0.179458
0 0.0236381 0.166667 9.99255 0.159638
0 0.0208899 0.166667 13.7557 -0.0949604
0 0.0155572 0.166667 19.5771 -0.242294
0 0.016098 0.166667 18.4862 -0.166565
0 0.0162115 0.166667 18.4552 -0.175252
0 0.0148752 0.166667 20.413 -0.261916
0 0.012467 0.166667 25.2216 -0.411214
0 0.00652008 31.0137 20.5972 -0.212151
0 0.00615543 31.5988 22.2666 -0.272806
0 0.00562077 31.9109 24.1714 -0.386729
0 0.00456192 29.9625 32.0891 -0.548837
0 0.00302678 30.9776 41.7209 -0.807175
0 0.00373878 102.468 29.002 -0.244818
0 0.00326311 104.38 32.567 -0.334346
0 0.00313204 104.821 31.9509 -0.396319
0 0.00241637 101.758 40.7719 -0.527873
0 0.00207855 105.925 44.0303 -0.612695
0 0.00282861 181.26 37.7985 -0.33771
0 0.00230691 188.787 41.441 -0.497367
0 0.0015145 191.938 42.9686 -0.787075
0 0.00118293 188.722 51.0321 -0.861357
0 0.000791234 191.867 63.5726 -1.00222
0 0.0020431 346.298 47.3199 -0.386299
0 0.00153204 357.154 48.0933 -0.614609
0 0.00177318 349.409 43.7858 -0.440536
0 0.0014207 341.852 51.0469 -0.558179
0 0.000926847 344.38 64.5552 -0.756823
0 0.00149342 677.2 61.1558 -0.340761
0 0.00129669 681.519 63.7851 -0.432987
0 0.000957972 674.621 69.5735 -0.565777
0 0.000912374 657.886 70.0522 -0.610273
0 0.000738417 647.473 88.1765 -0.671222
0 0.00150331 765.707 58.7961 -0.336719
0 0.00131763 754.547 62.8202 -0.320821
0 0.00115154 742.813 64.4899 -0.356163
0 0.000959467 727.586 80.6957 -0.441944
0 0.000647838 721.403 99.6591 -0.652979
0 0.000997453 1572.35 90.7396 -0.222238
0 0.000675422 1570.91 101.812 -0.442542
0 0.000687686 1533.93 98.9047 -0.328759
0 0.00059606 1472.83 125.928 -0.329459
0 0.000444627 1451.37 157.137 -0.574829
PDF: Cut Value 0 and TKR Plane 10
0 0.0246638 0.166667 7.36664 0.365101
0 0.0253625 0.166667 7.82736 0.303699
0 0.0264608 0.166667 8.07286 0.248946
0 0.0246445 0.166667 8.42937 0.268293
0 0.02367 0.166667 10.8176 0.0647033
0 0.0176454 0.166667 15.9865 -0.0903889
0 0.0179899 0.166667 14.927 -0.00916719
0 0.0179738 0.166667 15.1597 -0.0288087
0 0.0175818 0.166667 15.4396 -0.0537516
0 0.0159735 0.166667 18.5176 -0.164955
0 0.00737347 26.3251 18.2345 -0.0312548
0 0.0063359 29.3963 21.316 -0.272848
0 0.00595802 29.4086 24.0721 -0.349652
0 0.0044832 27.2246 33.7996 -0.590303
0 0.00468763 24.7695 34.1149 -0.517826
0 0.00359619 99.6503 30.4701 -0.260873
0 0.00317405 102.733 32.9776 -0.375743
0 0.0029701 101.752 34.5951 -0.420404
0 0.00268051 96.6272 40.7182 -0.432548
0 0.00183498 104.42 48.1117 -0.688047
0 0.00266306 177.188 41.2901 -0.3681
0 0.00234086 185.339 39.5669 -0.515409
0 0.00162579 186.684 43.5874 -0.718023
0 0.00156861 179.36 49.2309 -0.687444
0 0.000752159 188.341 66.5731 -1.02078
0 0.00180123 339.648 52.0265 -0.447909
0 0.00169723 347.66 49.4712 -0.501693
0 0.00126675 348.238 50.4095 -0.668742
0 0.00126837 334.765 58.0893 -0.60134
0 0.000596195 345.706 73.8104 -0.975353
0 0.0014676 672.034 62.3789 -0.35251
0 0.00129585 673.614 60.772 -0.446443
0 0.00114652 664.198 63.8217 -0.432033
0 0.000897477 646.025 79.0661 -0.541162
0 0.000732572 644.493 86.9488 -0.670329
0 0.00118707 763.852 54.0643 -0.604786
0 0.00139649 746.824 65.4583 -0.233571
0 0.00102682 749.793 64.1671 -0.457964
0 0.00100983 720.905 71.1482 -0.452509
0 0.000693144 717.755 88.6624 -0.672535
0 0.000869485 1588.42 86.4219 -0.382353
0 0.000690595 1577.91 94.8875 -0.53715
0 0.000548154 1528.83 122.531 -0.457283
0 0.000529657 1475.96 139.426 -0.467235
0 0.000484139 1436.54 151.735 -0.521874
PDF: Cut Value 0 and TKR Plane 11
0 0.0270893 0.166667 7.79248 0.249128
0 0.0258766 0.166667 6.31664 0.43031
0 0.0266231 0.166667 7.67551 0.279062
0 0.0256604 0.166667 7.75287 0.295949
0 0.0242832 0.166667 10.1561 0.0964532
0 0.0198655 0.166667 12.3423 0.101775
0 0.0186896 0.166667 14.5299 -0.0235886
0 0.0195692 0.166667 13.5435 0.0105722
0 0.0185868 0.166667 14.8393 -0.0375062
0 0.016525 0.166667 17.8386 -0.14514
0 0.00751744 25.695 18.5079 -0.0726555
0 0.00625747 27.5082 23.3876 -0.30348
0 0.00599468 26.292 25.0794 -0.349841
0 0.00609816 22.722 27.5443 -0.325827
0 0.0041298 24.0569 38.841 -0.648356
0 0.00361738 95.4227 30.2919 -0.274891
0 0.00338174 96.1259 33.2743 -0.269071
0 0.00288038 95.449 37.8641 -0.400209
0 0.00250795 95.7019 40.6727 -0.494221
0 0.001544 97.5074 59.649 -0.763902
0 0.00279642 170.667 40.3852 -0.299701
0 0.00215839 179.586 44.3958 -0.511883
0 0.00171093 179.411 48.1115 -0.646161
0 0.00140994 173.671 55.0243 -0.718958
0 0.000687929 182.817 71.5753 -1.04846
0 0.00180102 333.736 51.6452 -0.433222
0 0.00145533 343.974 51.7216 -0.596113
0 0.00120912 343.508 55.842 -0.66491
0 0.00103433 331.162 63.628 -0.706601
0 0.000815757 332.776 76.7463 -0.776467
0 0.00123819 668.201 67.9354 -0.470659
0 0.00125726 667.785 65.2516 -0.431729
0 0.000986404 661.923 68.855 -0.540243
0 0.000828653 646.445 71.3309 -0.66227
0 0.000663484 637.128 96.2889 -0.680526
0 0.00108384 754.725 73.8135 -0.495554
0 0.00122578 747.389 68.7014 -0.401868
0 0.00103249 742.794 68.1769 -0.434352
0 0.0009311 708.635 84.8552 -0.395928
0 0.000666564 709.641 94.9236 -0.635747
0 0.000832536 1572.67 93.1892 -0.317385
0 0.000734032 1555.83 97.8846 -0.412095
0 0.000592181 1520.45 109.096 -0.433464
0 0.000552109 1458.48 130.789 -0.384556
0 0.0004119 1437.19 161.504 -0.586633
PDF: Cut Value 0 and TKR Plane 12
0 0.0278032 0.166667 5.61303 0.459676
0 0.0267395 0.166667 5.30418 0.517086
0 0.0268088 0.166667 6.55042 0.382744
0 0.0265758 0.166667 7.35642 0.307209
0 0.0257115 0.166667 9.31654 0.137543
0 0.020859 0.166667 11.2129 0.154195
0 0.0210234 0.166667 10.8475 0.172779
0 0.0195796 0.166667 12.9862 0.0577121
0 0.0200833 0.166667 12.2805 0.0964802
0 0.0186439 0.166667 14.5066 -0.0153994
0 0.00743609 22.6725 19.5643 -0.07636
0 0.00704971 23.1122 20.7249 -0.115822
0 0.00683416 21.3861 23.9653 -0.187873
0 0.0058232 17.1066 34.4232 -0.425582
0 0.00481193 14.638 42.9771 -0.58034
0 0.00381171 88.4868 30.7041 -0.147019
0 0.00346923 94.8647 32.0354 -0.29566
0 0.00292739 94.1967 36.8341 -0.377378
0 0.00235451 90.919 43.0429 -0.550285
0 0.00180402 95.9299 53.2549 -0.691935
0 0.00268082 166.501 41.7059 -0.338083
0 0.00218106 172.939 43.8801 -0.501794
0 0.0017283 176.025 49.7595 -0.619131
0 0.00150246 166.066 56.7902 -0.664167
0 0.000914593 175.564 70.4697 -0.908396
0 0.00200462 325.926 52.5615 -0.315805
0 0.00173706 335.682 52.6514 -0.430076
0 0.00111246 338.513 57.5341 -0.707232
0 0.000924879 328.346 65.1753 -0.783265
0 0.000550035 334.32 82.2816 -0.98608
0 0.00115963 660.919 69.2243 -0.514094
0 0.00118179 658.685 67.5107 -0.465577
0 0.0011569 650.557 70.1247 -0.361797
0 0.000934564 628.266 77.5237 -0.481075
0 0.000700795 627.725 95.5251 -0.643419
0 0.00103255 751.751 66.3914 -0.583439
0 0.000854559 757.074 66.6716 -0.690373
0 0.000981371 727.306 81.0608 -0.358262
0 0.00078092 712.636 85.3527 -0.584178
0 0.000636849 704.913 100.921 -0.657704
0 0.000770134 1553.21 103.554 -0.386355
0 0.000792508 1545.04 92.6206 -0.352482
0 0.000528857 1520.27 122.789 -0.478777
0 0.000517904 1462.08 130.3 -0.47393
0 0.000471177 1412.63 165.87 -0.458044
PDF: Cut Value 0 and TKR Plane 13
0 0.0280628 0.166667 5.92237 0.424592
0 0.0252985 0.166667 5.59607 0.507902
0 0.0271315 0.166667 5.73396 0.460149
0 0.0250685 0.166667 5.33865 0.550635
0 0.0279631 0.166667 7.43275 0.269902
0 0.0216252 0.166667 9.83287 0.22848
0 0.0218765 0.166667 9.35276 0.265484
0 0.0213175 0.166667 10.9283 0.154383
0 0.0215668 0.166667 10.7157 0.170693
0 0.0194159 0.166667 12.6083 0.0885526
0 0.00747403 19.4926 21.8289 -0.168422
0 0.00651308 23.0135 24.2745 -0.278879
0 0.00711679 20.3627 22.5939 -0.15591
0 0.00508447 13.4769 41.8971 -0.575364
0 0.00519802 9.46919 45.8077 -0.557912
0 0.00386668 84.2667 30.8441 -0.106612
0 0.00349915 88.5458 33.8375 -0.227446
0 0.00327686 87.4697 36.4409 -0.227791
0 0.00274475 83.5617 42.6086 -0.408681
0 0.00187082 89.7088 56.6442 -0.650789
0 0.0028602 159.199 39.5861 -0.26962
0 0.00213651 168.838 46.85 -0.497193
0 0.00168163 173.912 51.5666 -0.633769
0 0.00165687 162.174 56.0863 -0.603835
0 0.000833309 172.183 74.2482 -0.94646
0 0.00166581 322.944 56.3909 -0.447824
0 0.00147952 327.706 60.6681 -0.513373
0 0.00108517 333.86 63.2679 -0.691357
0 0.00100955 318.217 68.0694 -0.70502
0 0.000423582 331.558 88.5304 -1.098
0 0.00121354 647.827 74.3351 -0.419706
0 0.00130166 648.305 68.4233 -0.325888
0 0.00104277 648.88 73.6135 -0.431513
0 0.000886229 626.501 81.278 -0.517474
0 0.000596728 626.575 106.843 -0.719726
0 0.00122561 723.41 75.8871 -0.300838
0 0.000939428 737.116 77.7591 -0.542426
0 0.00100076 725.446 77.4143 -0.420775
0 0.000766254 699.277 89.7773 -0.553651
0 0.000645926 691.543 107.396 -0.620252
0 0.000771659 1555.85 104.878 -0.383158
0 0.000688058 1546.25 95.6387 -0.475788
0 0.000650667 1493.34 117.965 -0.270431
0 0.000520695 1454.9 131.598 -0.457267
0 0.000397396 1424.68 164.497 -0.608679
PDF: Cut Value 0 and TKR Plane 14
0 0.0298931 0.166667 5.22425 0.465952
0 0.0264528 0.166667 4.17282 0.649478
0 0.0291737 0.166667 5.47392 0.447628
0 0.0260183 0.166667 5.11937 0.554947
0 0.0275207 0.166667 6.16387 0.418186
0 0.0223419 0.166667 8.9863 0.284428
0 0.0213836 0.166667 8.77486 0.327886
0 0.0222376 0.166667 9.56438 0.239207
0 0.0216911 0.166667 9.03912 0.29731
0 0.0206709 0.166667 11.5082 0.134355
0 0.00759058 17.2173 22.2753 -0.126645
0 0.00708138 20.0096 23.8629 -0.232473
0 0.00755047 16.1844 23.6009 -0.137626
0 0.00703459 11.3575 31.7073 -0.306681
0 0.00321354 3.13044 73.417 -0.881421
0 0.00388886 80.9209 30.0821 -0.0491666
0 0.00339107 85.9513 34.9152 -0.233276
0 0.00317852 85.7056 37.1153 -0.305438
0 0.00323934 73.9336 43.1224 -0.088288
0 0.00193458 84.9746 57.9026 -0.62161
0 0.00272866 153.613 44.8929 -0.234018
0 0.00237002 161.753 47.1136 -0.387215
0 0.00197992 162.514 51.1747 -0.490193
0 0.00162409 158.432 56.8367 -0.620836
0 0.000955905 165.435 76.3267 -0.865875
0 0.00186644 307.335 58.7796 -0.279419
0 0.00151821 324.214 57.3906 -0.503576
0 0.00116198 324.797 65.5957 -0.631172
0 0.000866401 314.968 74.8454 -0.775271
0 0.000344921 329.341 95.5412 -1.17705
0 0.00116488 642.362 78.9136 -0.445273
0 0.00115985 648.156 69.799 -0.455239
0 0.000978465 637.272 80.3867 -0.447939
0 0.000761912 618.741 91.2103 -0.577079
0 0.000630606 617.201 105.761 -0.669243
0 0.00119491 723.867 74.9888 -0.324389
0 0.00108037 732.524 69.7072 -0.475297
0 0.000883096 722.2 81.6629 -0.442097
0 0.000687545 698.717 91.764 -0.637258
0 0.000653046 687.258 108.89 -0.575676
0 0.000886335 1528.06 98.0855 -0.15175
0 0.000693343 1528.64 109.506 -0.379367
0 0.000590106 1481.79 119.838 -0.319887
0 0.000537771 1442.25 133.79 -0.383974
0 0.000417409 1404.7 167.865 -0.547512
PDF: Cut Value 0 and TKR Plane 15
0 0.0288056 0.166667 4.52622 0.570467
0 0.0207237 0.166667 3.10542 0.899436
0 0.0276487 0.166667 4.85457 0.549623
0 0.0285186 0.166667 5.03331 0.515678
0 0.0269579 0.166667 4.97243 0.552354
0 0.0222645 0.166667 7.44906 0.41857
0 0.0233947 0.166667 7.72944 0.355985
0 0.0218717 0.166667 7.33382 0.436857
0 0.0230939 0.166667 7.94913 0.343505
0 0.0214807 0.166667 9.93732 0.233563
0 0.00688794 15.0817 28.4651 -0.31274
0 0.00799989 16.7617 20.6749 -0.0583355
0 0.00740689 19.1795 22.1038 -0.194947
0 0.00693376 6.19291 38.0811 -0.402541
0 0.00520023 0.166667 56.9378 -0.628566
0 0.00379363 79.7047 31.4976 -0.148494
0 0.003464 84.8788 33.1134 -0.295299
0 0.00323969 81.5896 37.8591 -0.225522
0 0.00299066 77.4239 39.9266 -0.372381
0 0.0018099 82.0628 60.9038 -0.687105
0 0.00287337 148.205 42.8552 -0.157053
0 0.0025037 157.972 44.9859 -0.358671
0 0.00188707 162.058 51.579 -0.542435
0 0.00172136 151.554 59.14 -0.553803
0 0.0009933 160.954 77.1091 -0.847276
0 0.00173571 308.969 59.0409 -0.37958
0 0.00149055 317.008 59.8473 -0.504401
0 0.00106599 322.058 70.402 -0.67213
0 0.000596626 314.59 82.2459 -0.969408
0 0.00048169 318.347 98.3682 -1.01807
0 0.00107245 632.783 80.498 -0.501812
0 0.00104131 640.214 80.707 -0.488951
0 0.000924645 635.654 82.8745 -0.498517
0 0.000694844 612.878 92.6324 -0.645718
0 0.000551892 616.493 107.51 -0.756293
0 0.00106699 711.844 81.9661 -0.414345
0 0.00119145 709.425 75.9455 -0.277496
0 0.000708558 723.228 88.7687 -0.624392
0 0.000675627 685.34 100.838 -0.608792
0 0.000525965 690.715 114.072 -0.718892
0 0.00069235 1530.88 109.433 -0.436384
0 0.00069494 1516.72 112.274 -0.349979
0 0.000625559 1483.76 116.036 -0.360051
0 0.000403171 1446.36 146.17 -0.620178
0 0.000421072 1395.78 165.852 -0.56241
PDF: Cut Value 0 and TKR Plane 16
0 0.0261202 0.166667 3.49202 0.746775
0 0.0269297 0.166667 3.5968 0.716539
0 0.0260517 0.166667 3.60831 0.736243
0 0.0270946 0.166667 4.01895 0.659675
0 0.0275824 0.166667 4.75507 0.566444
0 0.0234615 0.166667 8.16876 0.311043
0 0.0227135 0.166667 7.69962 0.385501
0 0.0230005 0.166667 8.2368 0.326304
0 0.022817 0.166667 7.99848 0.351312
0 0.0225908 0.166667 8.69403 0.302554
0 0.00826429 13.5838 21.912 -0.0871928
0 0.00794518 13.2715 23.5797 -0.135796
0 0.00780435 5.41263 32.0917 -0.253139
0 0.00756601 7.95581 32.3106 -0.31472
0 0.00636703 0.166667 47.7548 -0.496275
0 0.00392617 76.8242 30.9339 -0.141181
0 0.00351509 80.0542 33.7958 -0.266208
0 0.00331969 77.7114 38.319 -0.190125
0 0.00313296 72.3585 41.3979 -0.268735
0 0.0019765 76.6856 59.9019 -0.631146
0 0.00278539 145.031 44.3304 -0.200549
0 0.00241804 147.882 49.2007 -0.297183
0 0.0022377 148.582 54.2473 -0.299581
0 0.00189799 143.842 56.8983 -0.478807
0 0.00117662 153.01 77.0687 -0.739485
0 0.00164077 301.567 65.0821 -0.362867
0 0.00147204 311.36 62.3593 -0.488438
0 0.0010781 314.367 67.5606 -0.680754
0 0.000815582 301.758 82.1928 -0.781072
0 0.000446145 314.092 101.565 -1.0484
0 0.00114844 621.108 86.5639 -0.384468
0 0.0010965 628.09 79.6683 -0.430134
0 0.000839654 631.349 85.5196 -0.55983
0 0.000706667 605.888 99.9483 -0.602321
0 0.00046284 611.889 117.01 -0.83398
0 0.00101163 712.634 84.0865 -0.451274
0 0.000965557 711.822 80.3724 -0.497851
0 0.000967502 698.43 85.1416 -0.338254
0 0.000782816 676.154 99.6116 -0.488109
0 0.000464046 679.229 126.17 -0.751676
0 0.000764812 1517.4 105.77 -0.263236
0 0.000683828 1510.68 107.336 -0.446524
0 0.000579973 1481.54 118.089 -0.427274
0 0.000489975 1419.64 145.429 -0.422476
0 0.000346952 1414.03 169.532 -0.692643
PDF: Cut Value 0 and TKR Plane 17
0 0.0288135 0.166667 3.98044 0.63161
0 0.0279196 0.166667 3.8419 0.672602
0 0.0272247 0.166667 3.82157 0.687826
0 0.0289743 0.166667 4.54917 0.563536
0 0.0256568 0.166667 3.69739 0.72911
0 0.0235912 0.166667 6.67464 0.449334
0 0.0230761 0.166667 6.84711 0.448527
0 0.0225379 0.166667 6.63123 0.485888
0 0.023077 0.166667 6.74362 0.458577
0 0.0232639 0.166667 7.68506 0.371072
0 0.00870221 11.351 20.3362 0.0132208
0 0.00789109 12.8836 25.36 -0.224022
0 0.0078367 12.6667 24.6922 -0.206966
0 0.00788573 1.88054 37.1297 -0.358437
0 0.00710423 0.166667 43.1742 -0.41361
0 0.00398094 72.9186 31.305 -0.139201
0 0.003618 75.6412 34.1858 -0.157742
0 0.00319577 78.2463 36.7287 -0.332748
0 0.00316318 69.7107 42.226 -0.252823
0 0.00200192 74.4003 60.4113 -0.626231
0 0.00273195 141.61 46.6913 -0.191949
0 0.00243769 145.613 50.4731 -0.288515
0 0.00209745 143.774 57.4638 -0.359322
0 0.00172491 139.211 61.477 -0.536402
0 0.00103087 149.478 82.2854 -0.81547
0 0.00188747 285.091 65.4796 -0.122187
0 0.00115632 312.944 63.906 -0.681348
0 0.0010268 307.504 74.9946 -0.668599
0 0.000850452 290.105 89.4464 -0.732726
0 0.000517674 303.061 110.117 -0.950733
0 0.00109284 619.31 82.1894 -0.463338
0 0.00109443 618.464 82.0894 -0.402462
0 0.000835626 620.251 93.9161 -0.522111
0 0.000640532 595.536 103.275 -0.653644
0 0.000404456 605.469 128.755 -0.882639
0 0.000961183 700.171 88.6396 -0.449548
0 0.000813316 706.079 91.6519 -0.543999
0 0.000779841 698.837 97.038 -0.503324
0 0.000611196 669.756 108.844 -0.633583
0 0.000297363 676.114 154.776 -0.961038
0 0.000796213 1490.97 107.345 -0.188699
0 0.000597182 1505.46 124.506 -0.458583
0 0.00051483 1480.23 118.368 -0.542149
0 0.000434132 1416.08 157.368 -0.479864
0 0.000369595 1390.59 174.965 -0.610282
PDF: Cut Value 1 and TKR Plane 2
0 0.0132922 34.6457 6.28359 -0.611356
0 0.0147174 35.3757 5.70161 -0.603771
0 0.0165732 35.8945 5.25823 -0.570714
0 0.0190576 36.0956 4.94469 -0.51213
0 0.0203898 36.2622 4.78427 -0.485663
0 0.0113787 43.4154 6.8936 -0.647055
0 0.0124212 44.1334 6.3172 -0.643228
0 0.014489 44.5975 5.79699 -0.592967
0 0.017105 44.8966 5.30761 -0.535283
0 0.0191241 44.9918 5.05921 -0.488098
0 0.00753523 78.7534 8.7558 -0.722493
0 0.00843744 79.4869 8.05618 -0.707593
0 0.0103162 79.6105 7.64424 -0.613984
0 0.0128294 79.6958 6.96646 -0.537631
0 0.0143236 79.9345 6.63795 -0.495853
0 0.00385693 168.336 13.4799 -0.826338
0 0.0044026 168.099 13.1353 -0.76694
0 0.0060263 166.967 12.4524 -0.618665
0 0.00800146 166.023 11.5783 -0.491206
0 0.00920801 165.941 11.0795 -0.432311
0 0.00362611 255.364 17.1566 -0.652552
0 0.00443034 253.646 16.7082 -0.530095
0 0.00498448 251.493 16.9949 -0.462909
0 0.00591782 250.298 16.4621 -0.422255
0 0.0064952 250.106 16.1788 -0.400911
0 0.00189357 432.44 25.0416 -0.779208
0 0.0022477 427.961 26.0442 -0.666207
0 0.00261948 421.158 28.448 -0.582258
0 0.00344913 416.465 27.6676 -0.444415
0 0.00382227 416.393 27.0526 -0.423994
0 0.00121197 774.422 44.6492 -0.662265
0 0.00120537 762.857 49.5541 -0.641703
0 0.001432 747.16 53.6295 -0.546067
0 0.0018981 732.904 53.5469 -0.389792
0 0.00208689 733.904 50.4288 -0.403645
0 0.00107239 860.203 47.8341 -0.692782
0 0.00108905 847.046 52.0742 -0.656549
0 0.0013174 825.682 59.2294 -0.512859
0 0.00168244 811.927 58.5969 -0.408367
0 0.00187739 811.011 57.1647 -0.380183
0 0.000633305 1671.01 99.75 -0.481653
0 0.000560647 1633.31 112.666 -0.557301
0 0.000643052 1583.21 124.549 -0.46598
0 0.000744548 1559.45 125.479 -0.466233
0 0.000895424 1549.67 121.87 -0.343522
PDF: Cut Value 1 and TKR Plane 3
0 0.0113571 26.1466 9.55769 -0.478796
0 0.0123075 27.6128 8.61443 -0.469967
0 0.0131719 28.7462 7.97231 -0.459182
0 0.014424 29.2904 7.40212 -0.428747
0 0.0147626 29.6354 7.20446 -0.431984
0 0.00999392 34.474 10.0563 -0.510688
0 0.0106993 36.2169 9.09494 -0.519654
0 0.0120267 37.3128 8.15602 -0.499219
0 0.0128427 38.2215 7.6068 -0.493825
0 0.0133426 38.6083 7.40311 -0.484448
0 0.00716113 68.5026 12.1517 -0.562658
0 0.00743424 70.7845 10.9539 -0.616853
0 0.00913268 71.8369 9.78813 -0.533129
0 0.0103338 72.8497 8.82269 -0.521467
0 0.0115167 72.9982 8.41693 -0.478881
0 0.00373051 156.421 17.9968 -0.703289
0 0.00402388 158.949 16.2688 -0.718796
0 0.00555235 159.366 14.2621 -0.592374
0 0.00720836 158.991 13.0247 -0.479942
0 0.00830965 159.011 12.3605 -0.418234
0 0.00210895 246.826 20.2094 -0.908064
0 0.00340022 246.617 18.4418 -0.664491
0 0.00469825 244.191 17.973 -0.484724
0 0.0055373 243.623 17.7066 -0.425202
0 0.00638244 243.411 16.6213 -0.368788
0 0.00160151 422.035 27.3687 -0.821756
0 0.00230206 418.884 27.0945 -0.607622
0 0.00270649 414.292 27.759 -0.568297
0 0.00330191 411.787 27.8364 -0.491867
0 0.00394956 409.694 27.096 -0.381906
0 0.00102617 767.893 45.0278 -0.745315
0 0.00129459 755.747 47.9284 -0.592269
0 0.00145511 743.281 51.8937 -0.560695
0 0.00194475 732.49 50.3077 -0.414894
0 0.00209695 732.675 49.6182 -0.424008
0 0.000965863 853.912 47.3048 -0.729679
0 0.00106157 841.151 52.9981 -0.657533
0 0.00148602 820.166 54.8882 -0.467555
0 0.0016606 813.36 55.6557 -0.473358
0 0.00194605 810.19 54.4848 -0.391226
0 0.000585747 1672.81 96.0911 -0.523984
0 0.000596456 1641.63 106.298 -0.525612
0 0.000627616 1595.76 123.31 -0.524209
0 0.000787828 1571.54 118.843 -0.461295
0 0.000869073 1565.07 118.132 -0.423593
PDF: Cut Value 1 and TKR Plane 4
0 0.0108124 18.3733 12.5104 -0.451685
0 0.0109827 20.5204 11.4843 -0.452082
0 0.011479 21.9487 10.6362 -0.432473
0 0.0115517 23.2823 10.0631 -0.453224
0 0.0122777 23.5824 9.61848 -0.410326
0 0.0094348 26.0051 13.0141 -0.432283
0 0.0098565 28.2857 11.8701 -0.432776
0 0.0105055 30.1523 10.8484 -0.420889
0 0.0112096 31.3016 10.0739 -0.405857
0 0.0115113 31.7551 9.7067 -0.409647
0 0.00703086 58.1984 14.7997 -0.435201
0 0.00757748 60.929 13.6052 -0.432187
0 0.00817789 63.4285 12.488 -0.439488
0 0.00892063 65.1286 11.3994 -0.440183
0 0.00959337 65.798 10.6584 -0.431046
0 0.00377003 143.779 21.3511 -0.600583
0 0.00393616 147.618 20.0151 -0.619496
0 0.00495732 150.553 16.8858 -0.564738
0 0.00639348 151.087 15.0891 -0.45784
0 0.00721316 151.443 14.1975 -0.419341
0 0.00190777 232.966 26.7933 -0.865212
0 0.00259555 235.192 24.0006 -0.726787
0 0.0039399 235.835 20.5851 -0.549759
0 0.00510807 236.055 18.9721 -0.440766
0 0.00573394 236.501 18.1578 -0.403489
0 0.000951441 410.966 36.4527 -1.01532
0 0.00182553 407.287 32.438 -0.686177
0 0.0026263 405.168 29.3605 -0.549887
0 0.00340919 403.392 28.3548 -0.434471
0 0.00379079 402.926 27.5801 -0.407947
0 0.0006664 758.626 52.0064 -0.937611
0 0.00122729 746.335 47.8827 -0.600729
0 0.00146853 735.089 52.252 -0.552214
0 0.00189775 728.595 49.9492 -0.459136
0 0.00214287 727.925 47.4994 -0.435838
0 0.000878289 840.21 52.2174 -0.740078
0 0.000965487 831.887 54.9622 -0.680835
0 0.00142991 813.948 57.0396 -0.477406
0 0.00165112 809.904 55.1638 -0.502733
0 0.0020137 804.265 53.9943 -0.365427
0 0.000490229 1674.56 95.9655 -0.653256
0 0.000560418 1635.26 107.18 -0.533587
0 0.000665827 1592.37 120.663 -0.478322
0 0.00084098 1570.09 116.111 -0.418021
0 0.000924688 1568.47 111.747 -0.409186
PDF: Cut Value 1 and TKR Plane 5
0 0.0104029 7.3208 21.1212 -0.591004
0 0.0105425 11.5531 16.9281 -0.528033
0 0.0108079 15.0013 14.1954 -0.477603
0 0.0104584 16.1174 14.0231 -0.497338
0 0.0110403 16.8141 12.9673 -0.453539
0 0.00981101 18.3871 15.1822 -0.409942
0 0.00986257 20.6975 14.1746 -0.395521
0 0.00981687 23.0144 13.4172 -0.40281
0 0.00978218 24.784 12.8824 -0.418363
0 0.0099483 25.4516 12.4132 -0.41846
0 0.0069743 48.8428 16.6135 -0.358749
0 0.00707738 52.1795 16.0105 -0.372133
0 0.00745371 55.3883 14.8617 -0.384172
0 0.00800344 57.5392 13.7009 -0.381804
0 0.00812462 58.435 13.3491 -0.397734
0 0.00379877 131.115 24.7273 -0.498109
0 0.003926 134.853 23.6704 -0.510844
0 0.00452295 139.978 20.4047 -0.505954
0 0.00570178 142.019 17.6522 -0.419382
0 0.00626428 142.738 16.7337 -0.394303
0 0.00224807 218.879 30.0921 -0.720203
0 0.00219764 223.688 29.3524 -0.751527
0 0.00355974 225.222 23.722 -0.528928
0 0.00467966 226.172 21.8389 -0.390279
0 0.00504805 227.296 20.2585 -0.418035
0 0.00103731 394.824 43.0545 -0.922045
0 0.00146627 395.884 37.2632 -0.768415
0 0.0024944 394.066 32.2841 -0.518926
0 0.00325412 393.09 30.5293 -0.414635
0 0.00360977 393.683 29.4362 -0.391257
0 0.000620612 743.112 58.8062 -0.938661
0 0.00100961 732.977 54.4262 -0.678395
0 0.00152468 724.404 50.7265 -0.519419
0 0.00202603 716.544 49.7192 -0.383385
0 0.00214646 719.565 47.4209 -0.436217
0 0.000721365 822.881 60.4204 -0.804508
0 0.000888486 819.45 57.8181 -0.713372
0 0.00126757 807.567 57.1482 -0.578844
0 0.00178191 798.907 55.6708 -0.40809
0 0.0020151 796.043 53.413 -0.37386
0 0.000405094 1668.86 98.8474 -0.767198
0 0.000518916 1630.52 106.287 -0.591758
0 0.000669425 1594.91 115.77 -0.506547
0 0.000894553 1573.4 110.027 -0.408553
0 0.000960177 1570.2 107.881 -0.413103
PDF: Cut Value 1 and TKR Plane 6
0 0.0144572 4.18147 17.5902 -0.416995
0 0.0124501 2.33997 22.8689 -0.534358
0 0.0116796 8.75701 17.3482 -0.491119
0 0.0114628 10.5657 16.3898 -0.469504
0 0.0101692 10.9159 18.0133 -0.560759
0 0.0103397 12.5914 17.5177 -0.396395
0 0.00993461 15.48 16.4793 -0.395572
0 0.00964722 18.4056 15.3165 -0.397193
0 0.0100826 19.9513 14.0714 -0.370307
0 0.00978761 21.3011 14.0049 -0.38587
0 0.00717683 42.0281 17.1121 -0.195664
0 0.00662191 46.6197 17.2757 -0.352905
0 0.00712651 50.1278 16.073 -0.334445
0 0.00720625 53.0687 15.5367 -0.37087
0 0.0074921 53.3743 14.6708 -0.363486
0 0.00399349 122.622 25.0543 -0.409925
0 0.00414797 127.076 23.9278 -0.420149
0 0.00442111 133.354 21.5776 -0.46372
0 0.00523519 135.078 19.547 -0.39083
0 0.00537892 138.267 18.2705 -0.434789
0 0.00238169 209.513 31.8084 -0.65492
0 0.00228855 216.027 29.6068 -0.728753
0 0.00338337 217.264 26.7413 -0.511492
0 0.00408141 219.977 23.8277 -0.448007
0 0.00475573 221.105 21.7788 -0.391051
0 0.001363 383.417 42.6304 -0.773202
0 0.00182284 384.415 39.1141 -0.619541
0 0.00254109 385.654 32.9571 -0.502006
0 0.00313023 386.974 30.9979 -0.43697
0 0.00345519 386 31.3079 -0.368917
0 0.000762995 729.341 59.0387 -0.83987
0 0.00115332 722.463 54.6255 -0.600226
0 0.00167362 715.63 50.2139 -0.452536
0 0.00208287 710.877 48.1588 -0.364091
0 0.00221318 711.484 47.2881 -0.382786
0 0.000796548 811.966 64.6298 -0.750401
0 0.00112743 804.265 54.4105 -0.581686
0 0.00140869 797.841 53.2807 -0.531682
0 0.00184769 789.471 54.7004 -0.362977
0 0.00190417 792.334 52.3258 -0.447393
0 0.00058273 1648.69 86.8595 -0.590736
0 0.000606047 1615.54 107.842 -0.479829
0 0.000684327 1594.81 109.208 -0.52875
0 0.000869848 1572.95 106.371 -0.443968
0 0.000972968 1566.71 102.525 -0.415397
PDF: Cut Value 1 and TKR Plane 7
0 0.0172786 0.166667 18.4494 -0.356368
0 0.0127648 0.166667 24.5161 -0.577479
0 0.0115944 3.84902 22.4784 -0.563488
0 0.0111465 6.44881 20.6229 -0.541873
0 0.0110695 7.90399 19.3398 -0.533907
0 0.0110717 9.14066 18.8896 -0.372734
0 0.010481 11.8775 18.0607 -0.380414
0 0.00998769 15.6723 16.2622 -0.403392
0 0.00979758 17.5024 15.7561 -0.386519
0 0.0093827 18.8568 15.6347 -0.431095
0 0.00700751 40.7397 17.4983 -0.230871
0 0.0067925 43.137 17.8951 -0.261126
0 0.00680305 47.279 17.1356 -0.334759
0 0.00726972 49.8859 16.074 -0.322364
0 0.00714539 52.0043 15.3834 -0.384772
0 0.00386163 118.188 26.2078 -0.390362
0 0.00407906 122.68 24.9881 -0.405043
0 0.00441534 127.969 23.1092 -0.394579
0 0.00489439 133.141 20.6517 -0.409036
0 0.00531113 134.339 19.3092 -0.381604
0 0.00283319 200.218 34.443 -0.445941
0 0.00253213 207.836 31.2068 -0.627787
0 0.0034694 211.974 27.1605 -0.458412
0 0.00417407 216.812 24.0404 -0.421047
0 0.00448939 218.524 22.2132 -0.420488
0 0.00138009 375.718 47.2573 -0.718865
0 0.00134643 381.052 40.3377 -0.80283
0 0.00239271 379.725 35.8961 -0.484718
0 0.00305189 380.729 33.9557 -0.381489
0 0.00352232 382.114 31.1563 -0.328896
0 0.000599167 724.518 68.2966 -0.925168
0 0.00121498 712.922 55.5067 -0.549942
0 0.00162318 708.055 53.622 -0.442051
0 0.00208098 702.37 51.0311 -0.311162
0 0.00219532 706.843 48.2523 -0.37864
0 0.000743301 803.738 68.8002 -0.751447
0 0.000968344 801.152 59.375 -0.657195
0 0.00154962 788.045 56.4912 -0.39203
0 0.00178915 785.33 57.2504 -0.3743
0 0.00198706 785.287 53.4633 -0.357539
0 0.000598773 1641.62 90.0063 -0.523181
0 0.000586093 1613.62 102.962 -0.527955
0 0.000699348 1593.41 105.723 -0.51308
0 0.000957249 1566.4 103.747 -0.366855
0 0.00100428 1563.32 103.959 -0.375269
PDF: Cut Value 1 and TKR Plane 8
0 0.0196807 0.166667 15.5505 -0.225898
0 0.018173 0.166667 17.4247 -0.290183
0 0.0141927 0.166667 22.555 -0.477388
0 0.0115983 0.297293 26.7016 -0.595597
0 0.0117473 0.166667 26.9611 -0.574919
0 0.0111442 0.961291 27.2253 -0.504113
0 0.0110832 6.89772 21.1711 -0.403864
0 0.00955867 11.2734 20.6806 -0.466455
0 0.0093684 14.2062 18.6445 -0.449935
0 0.0094728 15.3019 17.7748 -0.414216
0 0.00623269 37.7347 19.4799 -0.317027
0 0.00667014 41.249 18.4466 -0.303087
0 0.00679856 44.5788 17.7301 -0.311725
0 0.00676102 47.4181 17.3575 -0.354032
0 0.00690681 49.5056 16.3119 -0.363075
0 0.00400307 112.438 27.3257 -0.289167
0 0.00413314 116.549 26.2678 -0.323312
0 0.0043476 124.192 23.8202 -0.386534
0 0.00483843 128.857 21.7072 -0.365164
0 0.00507591 131.219 20.4693 -0.370222
0 0.00239872 199.303 34.5538 -0.590207
0 0.00263212 202.631 32.5844 -0.559971
0 0.00328836 207.183 29.5815 -0.445946
0 0.00412818 211.779 25.5655 -0.361963
0 0.0043502 214.758 24.2644 -0.376331
0 0.00131397 369.354 51.6156 -0.704815
0 0.00156133 371.417 43.422 -0.672812
0 0.00225365 375.26 36.3612 -0.534762
0 0.0031476 376.286 33.7663 -0.329776
0 0.00344762 377.231 32.8741 -0.265691
0 0.000602948 718.124 74.8246 -0.897242
0 0.000926787 712.616 56.3992 -0.738041
0 0.00166656 701.173 52.7892 -0.39514
0 0.00201089 699.798 51.1056 -0.352417
0 0.00214367 703.798 49.7131 -0.378335
0 0.000823663 801.285 62.2527 -0.688285
0 0.000971121 792.961 61.5061 -0.623498
0 0.00141941 785.837 57.8406 -0.467379
0 0.00185023 782.396 54.6813 -0.367518
0 0.00200666 781.507 54.8984 -0.323523
0 0.000541611 1629.3 98.1472 -0.517818
0 0.000579042 1608.32 97.3552 -0.562425
0 0.000705557 1581.67 105.733 -0.490979
0 0.000923209 1559.69 107.464 -0.380517
0 0.00101506 1563.34 101.064 -0.377009
PDF: Cut Value 1 and TKR Plane 9
0 0.0246448 0.166667 9.71141 0.152946
0 0.0215744 0.166667 13.7429 -0.128867
0 0.0189094 0.166667 16.593 -0.248704
0 0.0152972 0.166667 20.9923 -0.406207
0 0.0139549 0.166667 23.1093 -0.477828
0 0.0147608 0.166667 21.2001 -0.294666
0 0.0120312 1.521 24.9254 -0.431556
0 0.0107915 5.37569 23.6198 -0.438694
0 0.0103226 11.2452 19.3186 -0.395388
0 0.0100549 13.0068 18.2783 -0.398978
0 0.00683116 33.2975 19.6911 -0.180486
0 0.00659389 38.3382 18.849 -0.317595
0 0.00658183 42.3066 18.3649 -0.327827
0 0.00657962 45.4187 18.2118 -0.347905
0 0.00670136 47.1899 17.3148 -0.356001
0 0.00372211 110.625 29.2872 -0.348383
0 0.00407066 112.672 27.314 -0.309971
0 0.00410144 120.421 25.6214 -0.379738
0 0.00459637 126.469 22.6353 -0.391245
0 0.00491447 128.439 21.305 -0.362272
0 0.0028359 190.064 37.7261 -0.364858
0 0.00290915 193.127 35.1483 -0.398025
0 0.00320731 203.535 29.652 -0.452707
0 0.00366252 209.448 26.6575 -0.450653
0 0.00388663 213.045 25.3669 -0.454926
0 0.00154775 362.989 48.5875 -0.616683
0 0.0012925 366.884 48.513 -0.751106
0 0.00241257 368.933 37.3742 -0.438864
0 0.00300271 372.384 35.3683 -0.340658
0 0.00339583 375.437 31.8127 -0.319008
0 0.000628109 708.225 77.3028 -0.860659
0 0.000801542 704.464 67.2277 -0.763584
0 0.00154713 697.169 55.2113 -0.457656
0 0.00171097 702.851 54.1807 -0.486151
0 0.00215114 698.216 51.1124 -0.333853
0 0.00053122 797.1 77.9683 -0.89751
0 0.00108068 779.899 65.7462 -0.491226
0 0.0014317 776.483 57.9894 -0.454249
0 0.00188519 773.422 56.3743 -0.297071
0 0.00198155 777.98 53.2917 -0.371632
0 0.000464048 1633.2 96.1699 -0.693083
0 0.000603899 1591.05 107.416 -0.430432
0 0.000767661 1572.43 105.952 -0.435579
0 0.000916086 1561.4 98.8043 -0.43471
0 0.00096814 1560.38 103.746 -0.406419
PDF: Cut Value 1 and TKR Plane 10
0 0.0262537 0.166667 8.71535 0.181641
0 0.0237793 0.166667 11.4701 -0.0014013
0 0.021423 0.166667 13.7841 -0.102058
0 0.0172025 0.166667 18.4514 -0.339468
0 0.0169407 0.166667 19.0256 -0.361581
0 0.0169744 0.166667 17.6234 -0.155512
0 0.0136215 0.166667 23.3158 -0.384696
0 0.0125525 0.501017 25.1256 -0.396156
0 0.0106712 6.57717 22.629 -0.431063
0 0.00826467 2.34976 33.8994 -0.659795
0 0.00652869 31.0926 21.0458 -0.262225
0 0.00669844 34.9292 19.3949 -0.265021
0 0.00651616 38.4324 19.8134 -0.303002
0 0.00672702 42.7003 18.2447 -0.319971
0 0.00631401 45.0515 18.2239 -0.397607
0 0.00377467 106.574 28.1674 -0.35386
0 0.0039246 108.978 28.2837 -0.320905
0 0.00400543 116.241 26.8289 -0.380484
0 0.00433007 123.014 23.5074 -0.406675
0 0.00460067 126.027 22.2749 -0.392301
0 0.00252935 186.696 39.2245 -0.459857
0 0.0028674 189.613 36.457 -0.396016
0 0.00311045 198.162 32.55 -0.424147
0 0.00349515 206.41 27.4012 -0.477095
0 0.00406751 208.566 24.9396 -0.384953
0 0.00138136 356.869 54.2647 -0.656684
0 0.00142331 358.659 48.9607 -0.690344
0 0.0022757 362.564 39.3922 -0.458749
0 0.00293882 368.079 35.3353 -0.352379
0 0.00309987 372.549 34.096 -0.361292
0 0.000582406 700.616 83.462 -0.880078
0 0.000939297 696.632 66.2821 -0.645096
0 0.00155896 690.765 55.8756 -0.424361
0 0.00210557 689.969 51.4885 -0.251003
0 0.00221033 693.637 49.96 -0.30898
0 0.00038829 796.731 74.8154 -1.07066
0 0.000877904 779.117 67.455 -0.623151
0 0.00132499 769.469 63.0151 -0.465014
0 0.00178259 776.647 55.9944 -0.403876
0 0.00197468 774.981 52.3805 -0.375202
0 0.000562293 1620 95.0683 -0.533538
0 0.000587494 1594.65 99.3464 -0.514056
0 0.000767789 1565.77 106.103 -0.411636
0 0.000907051 1563.22 103.009 -0.435387
0 0.000961623 1552.48 105.141 -0.409988
PDF: Cut Value 1 and TKR Plane 11
0 0.0277217 0.166667 7.46619 0.270693
0 0.0256078 0.166667 9.22128 0.15741
0 0.0234244 0.166667 11.7718 -0.00346721
0 0.0220503 0.166667 13.0389 -0.0682924
0 0.0206031 0.166667 14.7968 -0.168744
0 0.0190281 0.166667 14.949 -0.0614272
0 0.0172578 0.166667 17.124 -0.140986
0 0.0134019 0.166667 23.7882 -0.376344
0 0.012094 0.166667 26.5927 -0.439717
0 0.0104117 4.89295 24.9154 -0.484508
0 0.00692119 29.0728 20.1615 -0.235817
0 0.0068347 31.9081 20.2746 -0.214404
0 0.00626518 36.1991 21.0758 -0.314489
0 0.00674465 39.0762 19.577 -0.255136
0 0.0063478 42.3033 19.0934 -0.364526
0 0.00376253 99.9206 30.6179 -0.292497
0 0.00398619 104.071 28.9701 -0.26325
0 0.00394547 111.87 27.3958 -0.371113
0 0.00420741 119.648 24.9623 -0.387889
0 0.00431521 123.029 23.8882 -0.386471
0 0.00284907 177.026 39.4674 -0.305809
0 0.00256844 186.191 36.7338 -0.486957
0 0.00303118 191.489 33.6977 -0.413803
0 0.00362831 201.337 28.9808 -0.362804
0 0.00378133 205.52 26.7632 -0.409728
0 0.00141184 345.751 59.5387 -0.580458
0 0.00143443 352.603 52.7391 -0.650088
0 0.00215083 357.83 41.4969 -0.479532
0 0.00264511 366.084 37.1747 -0.430201
0 0.00317677 366.843 34.2639 -0.310862
0 0.000575727 692.079 83.5117 -0.886911
0 0.000787266 694.271 70.8136 -0.758664
0 0.00155433 680.854 58.6005 -0.380755
0 0.00194211 686.088 54.0459 -0.339394
0 0.00205201 691.263 50.982 -0.386669
0 0.000432755 780.789 88.8451 -0.977666
0 0.000880629 771.67 70.4386 -0.629246
0 0.00122487 767.658 67.0379 -0.510856
0 0.00158706 771.311 57.2358 -0.484359
0 0.00210061 766.714 54.2911 -0.231322
0 0.000451036 1614.13 105.258 -0.636889
0 0.000485292 1594.9 102.209 -0.644189
0 0.000768377 1558.91 103.47 -0.445729
0 0.000945025 1551.26 101.067 -0.404659
0 0.00106988 1547.11 102.385 -0.307261
PDF: Cut Value 1 and TKR Plane 12
0 0.0278507 0.166667 6.7305 0.338389
0 0.0265987 0.166667 6.86693 0.367662
0 0.0255601 0.166667 8.8048 0.210012
0 0.0239373 0.166667 11.2592 0.0244091
0 0.0221608 0.166667 12.9295 -0.0649893
0 0.020579 0.166667 12.4407 0.0634584
0 0.0190889 0.166667 14.8449 -0.0608174
0 0.0171398 0.166667 17.4345 -0.145275
0 0.0135277 0.166667 23.6142 -0.375233
0 0.0120397 0.166667 26.5637 -0.453981
0 0.00704299 25.0595 21.4189 -0.195933
0 0.00659381 28.3628 22.417 -0.264034
0 0.00640253 33.3862 20.8617 -0.328543
0 0.00607416 38.6144 21.0399 -0.387008
0 0.00658081 38.7121 19.5283 -0.279772
0 0.00384627 94.8303 30.3315 -0.251644
0 0.00398363 101.194 28.7155 -0.270832
0 0.00404094 107.252 28.1839 -0.296547
0 0.00398825 115.51 27.0046 -0.384982
0 0.00413645 120.445 24.8521 -0.398477
0 0.00266612 174.586 40.2606 -0.378378
0 0.00277903 179.258 37.885 -0.401736
0 0.00298891 187.641 34.5854 -0.411652
0 0.00335445 197.941 29.9897 -0.430559
0 0.00368117 201.775 28.1999 -0.383417
0 0.00162856 335.551 58.201 -0.46341
0 0.00152945 345.16 53.8486 -0.584133
0 0.00203905 351.546 44.579 -0.48988
0 0.0028499 359.125 37.8552 -0.303512
0 0.00280186 365.582 35.7222 -0.412212
0 0.000567923 686.275 86.8267 -0.880396
0 0.000718249 682.499 79.1624 -0.778698
0 0.00147024 675.371 59.2174 -0.441171
0 0.00193882 679.976 54.4016 -0.326469
0 0.00213159 685.777 51.4333 -0.306902
0 0.000482212 771.82 92.2947 -0.914286
0 0.000498006 771.879 85.2938 -0.916505
0 0.00148792 749.452 64.9461 -0.292324
0 0.00182068 760.261 59.031 -0.305127
0 0.00184609 768.208 54.6827 -0.401064
0 0.000542715 1597.32 99.2621 -0.510478
0 0.000536856 1581.21 111.403 -0.537681
0 0.000651125 1556.72 114.202 -0.541043
0 0.000993777 1541.48 103.704 -0.316613
0 0.000959572 1552.35 100.566 -0.455334
PDF: Cut Value 1 and TKR Plane 13
0 0.0273093 0.166667 5.72692 0.458385
0 0.0283688 0.166667 6.49697 0.355185
0 0.0263863 0.166667 9.01079 0.148995
0 0.025362 0.166667 9.98918 0.0900802
0 0.0238234 0.166667 11.588 -0.0112115
0 0.0212528 0.166667 10.7745 0.171128
0 0.0198194 0.166667 13.4602 0.019413
0 0.0181402 0.166667 15.9643 -0.0943903
0 0.0155796 0.166667 20.1185 -0.254575
0 0.0141433 0.166667 22.4327 -0.339277
0 0.00667979 22.4451 24.4412 -0.302052
0 0.00689867 26.6717 21.6379 -0.259845
0 0.00656692 29.1965 22.2607 -0.269796
0 0.00643792 34.5691 21.3718 -0.29717
0 0.00612668 36.0769 21.7687 -0.3452
0 0.00379595 91.9229 31.8001 -0.230422
0 0.00384049 98.2025 30.4121 -0.278774
0 0.00392623 103.881 29.0931 -0.310978
0 0.00390638 112.386 27.7198 -0.376593
0 0.00406101 116.88 25.5728 -0.385607
0 0.00276888 167.46 41.0822 -0.312602
0 0.00271536 175.938 39.6808 -0.384254
0 0.00285946 182.657 36.6591 -0.413741
0 0.00318303 194.277 32.0217 -0.422693
0 0.00346349 199.258 28.2523 -0.4228
0 0.00147065 328.464 61.5902 -0.525055
0 0.00158126 337.003 57.8082 -0.514758
0 0.00215458 344.864 44.7328 -0.420663
0 0.00246072 356.975 40.0809 -0.430529
0 0.00279243 361.146 36.4119 -0.391473
0 0.000595923 672.999 94.8441 -0.814541
0 0.000634035 676.536 83.4687 -0.83777
0 0.00136646 668.393 62.9207 -0.46784
0 0.00181024 677.925 56.4496 -0.379049
0 0.00194903 683.312 54.1004 -0.374942
0 0.000543404 757.599 98.0949 -0.810605
0 0.000754515 756.894 78.7414 -0.697443
0 0.00131238 752.097 63.5614 -0.460841
0 0.00178433 754.479 59.331 -0.319527
0 0.00187158 762.216 55.993 -0.350127
0 0.000489364 1590.24 99.8884 -0.585055
0 0.000519756 1569.7 113.995 -0.548254
0 0.000748555 1540.05 108.267 -0.423418
0 0.000970267 1540.2 100.232 -0.384488
0 0.00105746 1540.47 100.56 -0.328924
PDF: Cut Value 1 and TKR Plane 14
0 0.0286306 0.166667 5.17659 0.50275
0 0.0284091 0.166667 5.73294 0.442306
0 0.0276568 0.166667 7.34516 0.289407
0 0.0260726 0.166667 9.46341 0.117618
0 0.0253684 0.166667 10.0193 0.0865613
0 0.0219731 0.166667 10.0134 0.209707
0 0.0214761 0.166667 11.1556 0.138767
0 0.0199709 0.166667 13.4693 0.00931305
0 0.0185302 0.166667 15.3577 -0.05812
0 0.0162889 0.166667 19.0023 -0.218259
0 0.0072558 20.5277 22.9216 -0.228748
0 0.00685054 24.1851 23.1244 -0.276861
0 0.00682212 27.1074 22.115 -0.231128
0 0.00619502 31.8346 23.2409 -0.331295
0 0.006308 33.0936 21.9652 -0.313623
0 0.00369534 88.5034 31.9938 -0.261306
0 0.00382374 94.2938 30.4314 -0.290477
0 0.00397486 98.237 30.0499 -0.249844
0 0.00381732 108.504 28.9633 -0.348889
0 0.00391176 113.005 27.522 -0.363773
0 0.00248067 165.652 43.9571 -0.407376
0 0.00272281 169.748 40.7672 -0.361407
0 0.00277619 177.392 39.0764 -0.395292
0 0.00314922 189.384 32.4996 -0.403602
0 0.00341688 195.016 30.0049 -0.38674
0 0.0015942 320.143 62.7618 -0.426992
0 0.00160144 328.07 60.037 -0.480086
0 0.00196457 337.852 49.7369 -0.42036
0 0.00247081 348.522 43.1707 -0.354235
0 0.00291824 354.594 37.437 -0.266319
0 0.00058681 667.037 92.6668 -0.841544
0 0.000679525 668.775 83.9585 -0.796456
0 0.00134973 662.051 63.5036 -0.448696
0 0.00177323 670.579 58.1779 -0.371744
0 0.00211976 673.309 53.4458 -0.250209
0 0.000444316 752.725 91.411 -0.953561
0 0.000767506 751.121 79.5284 -0.671746
0 0.00121034 746.693 67.5342 -0.483192
0 0.00165063 750.138 62.5468 -0.362052
0 0.00185869 754.374 58.0771 -0.313204
0 0.000198189 1608.97 133.236 -1.03708
0 0.000542848 1559.16 104.807 -0.562323
0 0.000763773 1531.81 110.826 -0.378893
0 0.000932425 1536.97 103.58 -0.409627
0 0.00102777 1537.18 99.3051 -0.371892
PDF: Cut Value 1 and TKR Plane 15
0 0.0273726 0.166667 4.38719 0.61624
0 0.0294527 0.166667 5.60572 0.432808
0 0.0289741 0.166667 6.29249 0.369472
0 0.0274679 0.166667 7.66104 0.257933
0 0.0263974 0.166667 8.72783 0.183919
0 0.0232991 0.166667 8.16336 0.325426
0 0.0222913 0.166667 10.0926 0.199419
0 0.0211973 0.166667 11.8059 0.0980767
0 0.019241 0.166667 14.4626 -0.0294067
0 0.0180942 0.166667 16.1169 -0.0940916
0 0.00736214 17.7789 24.1069 -0.243868
0 0.00692094 20.3792 25.0107 -0.283052
0 0.0065901 24.6995 24.0994 -0.296027
0 0.00565393 29.8322 26.0742 -0.438612
0 0.00606408 31.4721 23.4566 -0.365195
0 0.00375769 83.7958 32.8344 -0.194091
0 0.00383962 88.0088 32.929 -0.176086
0 0.00387006 95.1529 30.6337 -0.27415
0 0.00384252 104.421 29.3317 -0.33849
0 0.00378805 109.487 28.5079 -0.365602
0 0.00259361 156.534 45.6974 -0.28751
0 0.00272208 164.736 41.7539 -0.334125
0 0.00301101 170.938 38.8226 -0.261106
0 0.00313581 183.485 35.2445 -0.342199
0 0.0031058 192.807 30.6255 -0.457163
0 0.00156883 313.978 61.8003 -0.453573
0 0.00147059 326.547 60.1835 -0.561032
0 0.00186683 334.159 51.6851 -0.458319
0 0.00248065 342.699 43.8607 -0.31478
0 0.00258885 353.218 38.8597 -0.390743
0 0.000674406 651.558 94.293 -0.744391
0 0.000607426 662.842 93.4183 -0.82838
0 0.00139248 653.071 65.5352 -0.399858
0 0.00177889 662.18 60.367 -0.304253
0 0.00193402 673.343 55.0372 -0.340793
0 0.000474807 749.035 96.2049 -0.904021
0 0.000521775 748.435 95.5653 -0.873295
0 0.00137047 732.258 65.6369 -0.372107
0 0.00177081 741.62 60.4659 -0.258252
0 0.00187429 748.108 58.4617 -0.287029
0 0.000264761 1589.88 124.906 -0.930463
0 0.000532362 1546.04 123.831 -0.454009
0 0.000704427 1532.37 107.089 -0.489822
0 0.000999547 1518.53 106.836 -0.280606
0 0.00102662 1529.97 101.275 -0.35701
PDF: Cut Value 1 and TKR Plane 16
0 0.0298813 0.166667 4.38541 0.570902
0 0.0302568 0.166667 6.02044 0.366212
0 0.0290998 0.166667 5.99917 0.402
0 0.0285866 0.166667 6.51019 0.348958
0 0.0274354 0.166667 7.09782 0.321567
0 0.0236641 0.166667 6.82473 0.435895
0 0.0234333 0.166667 8.45339 0.302961
0 0.0218405 0.166667 10.737 0.161761
0 0.020355 0.166667 12.8125 0.0494427
0 0.0192335 0.166667 14.4625 -0.0287759
0 0.00810435 12.7519 25.0318 -0.194796
0 0.00700068 16.2054 27.6377 -0.30896
0 0.00663334 22.4316 25.0665 -0.336458
0 0.00622048 25.847 25.9676 -0.360784
0 0.00639159 28.255 23.6971 -0.309367
0 0.00379968 78.6654 32.5732 -0.160334
0 0.00388713 86.1867 31.6013 -0.217646
0 0.00385047 91.464 31.7577 -0.232159
0 0.00358271 101.566 31.5758 -0.370396
0 0.00374262 106.494 29.169 -0.356612
0 0.00258753 152.831 45.3101 -0.310749
0 0.00264325 161.002 43.3428 -0.342672
0 0.00288347 167.548 40.2875 -0.291037
0 0.00280484 180.153 37.834 -0.420248
0 0.00293214 188.484 33.3311 -0.439939
0 0.00156819 311.03 63.2719 -0.448532
0 0.00162553 313.501 63.5012 -0.431151
0 0.001981 326.991 51.1321 -0.389802
0 0.00240886 336.692 45.6483 -0.299885
0 0.00256662 346.596 42.3194 -0.306085
0 0.000772659 644.12 93.0866 -0.656113
0 0.000669353 650.443 96.791 -0.757748
0 0.00128749 650.277 67.7581 -0.460573
0 0.00172174 657.084 61.7119 -0.311806
0 0.00194466 665.837 55.8272 -0.301447
0 0.000564141 736.494 92.5898 -0.814116
0 0.000600391 734.082 96.1194 -0.77991
0 0.00130182 725.935 70.5605 -0.385929
0 0.00161788 736.568 66 -0.323762
0 0.00175565 747.253 59.7138 -0.339223
0 0.000524981 1558.38 114.05 -0.504985
0 0.000427544 1544.54 130.52 -0.627186
0 0.000692524 1523.88 111.646 -0.463905
0 0.000908257 1522.95 102.277 -0.45064
0 0.00102119 1527.51 101.488 -0.365197
PDF: Cut Value 1 and TKR Plane 17
0 0.0276411 0.166667 3.20383 0.766543
0 0.027645 0.166667 3.84704 0.682802
0 0.0284569 0.166667 4.9333 0.529713
0 0.0292418 0.166667 6.03047 0.391916
0 0.0280327 0.166667 6.77988 0.340319
0 0.0238774 0.166667 6.5566 0.458013
0 0.0233735 0.166667 6.64546 0.462313
0 0.0225171 0.166667 10.3756 0.165445
0 0.0213104 0.166667 11.5072 0.111145
0 0.0207233 0.166667 12.581 0.0504137
0 0.00834637 8.82742 27.3692 -0.225738
0 0.00764859 11.4459 28.6251 -0.270859
0 0.00741445 18.8266 23.8889 -0.23097
0 0.00666347 22.9345 25.5411 -0.297126
0 0.00622778 25.7244 25.8496 -0.347764
0 0.00378436 74.1421 34.4646 -0.0759501
0 0.00376196 82.1245 32.9938 -0.222268
0 0.00378069 87.8453 32.836 -0.236375
0 0.00356944 97.5716 32.6883 -0.335536
0 0.00340236 104.128 31.6174 -0.408073
0 0.00267716 144.99 46.5034 -0.214684
0 0.00263359 155.226 44.0979 -0.326921
0 0.00277326 163.329 41.4783 -0.32686
0 0.00272682 176.927 38.2867 -0.428003
0 0.00304227 182.806 34.9205 -0.354918
0 0.00164434 298.351 64.4586 -0.360645
0 0.00170605 304.41 62.7364 -0.383758
0 0.00182114 322.508 54.1391 -0.450235
0 0.00229224 333.285 47.5089 -0.32912
0 0.00258733 342.059 41.4331 -0.30618
0 0.000748127 632.05 96.4163 -0.660155
0 0.000712536 634.776 102.885 -0.684593
0 0.00124432 640.086 72.777 -0.451256
0 0.00162983 651.589 64.0396 -0.35614
0 0.00194272 660.963 56.4822 -0.280848
0 0.000632098 716.629 106.518 -0.691556
0 0.000629024 719.109 102.426 -0.725567
0 0.00118241 723.05 72.9289 -0.456271
0 0.00157817 728.958 66.3809 -0.345092
0 0.00167722 743.966 59.9298 -0.385293
0 0.00493103 1451.91 0.0383162 -0.768341
0 0.000443827 1533.5 126.992 -0.615293
0 0.000748385 1513.23 109.436 -0.405696
0 0.000943364 1510.54 108.863 -0.331651
0 0.00105241 1516.98 102.103 -0.301424
PDF: Cut Value 2 and TKR Plane 2
0 0.0187261 34.9405 5.19665 -0.483406
0 0.0212275 35.5958 4.76101 -0.449781
0 0.0236858 36.0861 4.4091 -0.417337
0 0.0251758 36.4155 4.22747 -0.401844
0 0.0252996 36.4695 4.1988 -0.399811
0 0.017586 43.6308 5.54435 -0.47852
0 0.019731 44.4023 5.01839 -0.464563
0 0.0219642 45.0381 4.66217 -0.434139
0 0.0238419 45.1506 4.45793 -0.395646
0 0.0238782 45.2286 4.48829 -0.385853
0 0.0133927 78.8458 6.79206 -0.522268
0 0.0153446 79.6545 6.37005 -0.466376
0 0.0174165 80.1896 5.91515 -0.421963
0 0.0178555 80.5171 5.858 -0.413198
0 0.0178289 80.7416 5.82559 -0.409864
0 0.00781537 166.874 11.2693 -0.530959
0 0.0095773 167.535 10.23 -0.447057
0 0.0105624 168.009 9.61688 -0.428543
0 0.0104595 168.607 9.5618 -0.442035
0 0.0103748 168.377 9.74246 -0.430543
0 0.00563064 254.579 15.4795 -0.50251
0 0.00674445 254.185 14.6807 -0.433049
0 0.00753323 254.46 13.9859 -0.396426
0 0.00714796 254.223 14.6171 -0.413418
0 0.00686217 254.135 14.9629 -0.424964
0 0.00306064 429.611 24.3062 -0.594353
0 0.00390781 426.098 23.5903 -0.476795
0 0.00426713 425.042 23.9863 -0.42744
0 0.00410093 423.872 24.5102 -0.454463
0 0.00398584 422.844 24.2976 -0.464976
0 0.00152316 770.935 45.0447 -0.628522
0 0.00195112 761.277 44.0409 -0.534472
0 0.00235536 750.527 45.0919 -0.38947
0 0.00222679 748.75 45.9735 -0.41336
0 0.00219749 743.399 46.9824 -0.39172
0 0.00142018 852.967 49.9662 -0.586865
0 0.00183614 842.416 49.454 -0.472132
0 0.00193012 834.292 50.4921 -0.475416
0 0.00189343 827.264 53.1466 -0.448151
0 0.00193369 821.822 54.9033 -0.370187
0 0.000708952 1662.34 105.359 -0.498376
0 0.00083425 1634.21 107.679 -0.464313
0 0.000961272 1598.13 109.479 -0.382675
0 0.000921911 1585.36 111.682 -0.394235
0 0.000761764 1582.33 120.419 -0.509758
PDF: Cut Value 2 and TKR Plane 3
0 0.0142068 27.6139 7.7514 -0.408274
0 0.0152366 28.5555 7.25406 -0.391154
0 0.0168828 29.5803 6.54866 -0.377195
0 0.0181966 30.1959 6.06896 -0.368108
0 0.0185068 30.3414 6.04057 -0.355696
0 0.0131381 35.9205 8.16493 -0.415676
0 0.0145594 37.142 7.3518 -0.406131
0 0.0159069 38.5741 6.54313 -0.427482
0 0.0174631 38.7488 6.27589 -0.370057
0 0.0178087 38.9523 6.14653 -0.371419
0 0.0106583 70.457 9.46499 -0.44243
0 0.0125148 71.9769 8.13425 -0.430187
0 0.0142835 73.1608 7.40556 -0.393564
0 0.0147963 73.9803 7.16387 -0.395342
0 0.0154412 74.076 7.03378 -0.360748
0 0.00722567 158.486 12.779 -0.499328
0 0.00863169 160.015 11.5025 -0.446051
0 0.00980646 161.054 10.6897 -0.399444
0 0.00998505 161.681 10.489 -0.401613
0 0.010056 161.399 10.6949 -0.373668
0 0.00545717 245.888 16.7046 -0.47038
0 0.00668392 246.717 15.2517 -0.398221
0 0.00718541 247.921 14.6436 -0.400816
0 0.00749824 248.492 14.153 -0.377993
0 0.00704405 247.895 15.0323 -0.394239
0 0.00331273 420.549 24.4695 -0.532351
0 0.0039202 420.261 22.9988 -0.497284
0 0.00451568 418.534 23.162 -0.39562
0 0.00450524 417.615 23.8107 -0.371523
0 0.00435207 417.195 23.7499 -0.401427
0 0.00170842 763.921 43.4772 -0.576393
0 0.00223015 755.556 43.4171 -0.424147
0 0.00256422 747.281 43.3002 -0.330607
0 0.00222015 746.93 44.2372 -0.465193
0 0.0021048 745.209 46.4092 -0.473051
0 0.00133848 851.346 47.3235 -0.688899
0 0.00176257 842.356 48.0051 -0.548551
0 0.00205383 834.78 46.763 -0.475141
0 0.00190183 829.321 49.7135 -0.500267
0 0.00193636 820.691 55.1489 -0.373567
0 0.000622557 1674.24 106.213 -0.635148
0 0.00086503 1643.88 100.928 -0.491537
0 0.000999394 1612.91 104.496 -0.400936
0 0.00099538 1591.08 108.296 -0.346854
0 0.000942754 1586.33 112.531 -0.355354
PDF: Cut Value 2 and TKR Plane 4
0 0.0123589 21.1479 10.095 -0.388234
0 0.0128708 22.3017 9.46064 -0.375221
0 0.0139777 23.4397 8.69261 -0.33168
0 0.0146157 24.4553 8.17561 -0.329998
0 0.0150005 24.605 7.96589 -0.324063
0 0.0114159 28.761 10.4245 -0.358724
0 0.011939 30.7035 9.60628 -0.377047
0 0.0131953 31.9514 8.74573 -0.345838
0 0.0141221 32.7174 8.24435 -0.322967
0 0.0143718 32.8168 8.1519 -0.313796
0 0.00932197 62.1785 11.5732 -0.382618
0 0.0104263 64.4581 10.3841 -0.377584
0 0.0117415 66.1714 9.45958 -0.349822
0 0.0124697 67.0676 8.94873 -0.345534
0 0.0131579 66.9323 8.67012 -0.308373
0 0.00659537 148.133 15.4097 -0.41854
0 0.00754976 151.155 13.7944 -0.404346
0 0.00870464 153.234 12.4337 -0.370931
0 0.00959415 153.728 11.7305 -0.324588
0 0.00921599 154.347 11.9323 -0.357591
0 0.00502807 235.559 19.5374 -0.433948
0 0.00576213 238.246 17.6441 -0.425853
0 0.00699573 239.025 16.0006 -0.328323
0 0.00713072 240.713 15.4243 -0.344348
0 0.00691226 240.267 15.9869 -0.350321
0 0.00303704 409.717 28.3157 -0.526954
0 0.00402866 410.569 24.6968 -0.411755
0 0.00439616 411.01 23.3228 -0.426411
0 0.00437755 410.777 24.4251 -0.387097
0 0.00451971 409.144 24.8226 -0.316791
0 0.00166773 753.68 45.183 -0.585822
0 0.00223003 748.44 42.15 -0.452714
0 0.00255489 744.522 40.5711 -0.403444
0 0.00237032 742.412 42.5715 -0.431754
0 0.00240136 738.043 44.5545 -0.370388
0 0.00147239 839.751 47.9791 -0.611121
0 0.00200257 833.328 46.8722 -0.454713
0 0.00214223 827.698 47.5512 -0.432051
0 0.00225206 821.301 48.1914 -0.360735
0 0.00218766 818.423 49.8034 -0.347404
0 0.000720589 1671.92 96.7375 -0.580692
0 0.000958522 1641.59 96.1206 -0.448526
0 0.00108854 1615.49 98.9194 -0.359713
0 0.00104449 1595.84 101.563 -0.360142
0 0.000934635 1596.63 104.396 -0.445634
PDF: Cut Value 2 and TKR Plane 5
0 0.0111148 13.4392 14.6006 -0.480833
0 0.0113568 15.8836 12.7731 -0.452058
0 0.0121625 17.4887 11.2851 -0.392688
0 0.0126675 18.6951 10.4558 -0.367051
0 0.0124741 19.2449 10.4345 -0.384134
0 0.0101958 21.8965 13.1005 -0.3924
0 0.0112279 24.1691 11.4013 -0.332698
0 0.0114705 25.6346 10.901 -0.32989
0 0.0118827 26.8397 10.2752 -0.328938
0 0.0124624 26.8199 9.95133 -0.288136
0 0.00814647 53.8795 14.2317 -0.327661
0 0.00897147 56.3273 12.884 -0.31949
0 0.0097423 58.8209 11.743 -0.319973
0 0.0104576 59.8547 11.187 -0.297431
0 0.0110524 60.1623 10.7283 -0.258615
0 0.00590477 137.019 18.5413 -0.354807
0 0.00659515 141.884 16.2189 -0.377015
0 0.00747341 144.559 14.7684 -0.357843
0 0.00820253 145.781 13.8131 -0.315918
0 0.00818364 146.188 13.7652 -0.328132
0 0.00419596 224.134 22.6644 -0.496561
0 0.00515328 228.189 19.8954 -0.428836
0 0.00623571 230.489 17.9105 -0.342421
0 0.00642448 231.714 17.4863 -0.3408
0 0.00654452 232.038 17.1876 -0.334785
0 0.00282412 395.354 31.8591 -0.511482
0 0.00379164 398.816 27.1807 -0.393594
0 0.00454188 399.957 25.0896 -0.299284
0 0.00442167 400.66 26.0455 -0.302559
0 0.00428283 401.186 24.9899 -0.38351
0 0.00165704 739.694 47.2484 -0.569709
0 0.00220933 738.051 43.025 -0.455995
0 0.00260649 734.733 41.744 -0.361499
0 0.00256304 733.16 41.8211 -0.374271
0 0.00248381 730.777 42.6697 -0.376191
0 0.00149749 823.296 51.008 -0.568625
0 0.00204459 820.66 46.6566 -0.443163
0 0.00228487 819.535 45.1787 -0.410986
0 0.00230891 814.838 44.9435 -0.393639
0 0.002215 810.303 50.6002 -0.324226
0 0.000745622 1655.74 94.9469 -0.579203
0 0.00101638 1636.98 91.5589 -0.431827
0 0.00111974 1616.05 92.2585 -0.39656
0 0.00108095 1602.12 97.2831 -0.378009
0 0.000981077 1595.83 103.016 -0.424137
PDF: Cut Value 2 and TKR Plane 6
0 0.0141131 7.85123 14.6161 -0.335513
0 0.0116799 10.2923 15.9204 -0.468541
0 0.0106106 12.269 15.7806 -0.522516
0 0.00905069 15.5632 14.9848 -0.634757
0 0.0114172 15.1929 13.0509 -0.431577
0 0.0094279 16.4849 16.4399 -0.455901
0 0.0107094 19.4864 13.1846 -0.315853
0 0.0107304 21.2736 12.5126 -0.322638
0 0.0110001 23.3789 11.3415 -0.337676
0 0.0111828 23.8963 11.3321 -0.309555
0 0.00776975 48.3435 14.9267 -0.279441
0 0.00837252 51.6515 13.654 -0.276657
0 0.00876844 54.1436 12.9655 -0.280772
0 0.0094879 55.7411 12.0138 -0.287838
0 0.00980007 55.9243 11.5106 -0.223358
0 0.00539495 130.096 20.0951 -0.330934
0 0.00630408 134.505 17.48 -0.291206
0 0.00695687 138.385 15.8798 -0.312669
0 0.00712381 141.17 15.0755 -0.330467
0 0.00769221 140.256 14.3198 -0.271248
0 0.00435333 213.815 24.9063 -0.355502
0 0.00493961 219.862 22.0043 -0.372087
0 0.00569164 223.757 19.5077 -0.346109
0 0.00583024 225.555 19.3852 -0.350954
0 0.00570922 227.415 18.5296 -0.400213
0 0.00261217 387.297 33.8496 -0.539889
0 0.0035225 391.794 28.4312 -0.425721
0 0.00416798 393.18 26.846 -0.348639
0 0.00414113 395.217 26.6167 -0.340168
0 0.0041037 395.692 26.3265 -0.364711
0 0.0018145 727.392 47.1764 -0.490562
0 0.00221217 728.795 44.5252 -0.425174
0 0.00246663 727.416 42.8857 -0.394586
0 0.00268416 725.351 40.3436 -0.327712
0 0.00244948 723.158 42.1158 -0.36749
0 0.00144674 814.28 50.6703 -0.589817
0 0.00232547 810.773 44.0031 -0.275386
0 0.00254548 808.18 44.5418 -0.220463
0 0.00240756 807.597 44.8297 -0.316299
0 0.00223161 800.505 49.923 -0.277302
0 0.000854835 1645.41 87.8818 -0.480232
0 0.000962512 1630.3 94.3184 -0.449717
0 0.00119628 1612.18 85.3775 -0.342977
0 0.0010093 1604.43 92.4554 -0.454139
0 0.00104942 1590.26 98.9668 -0.333764
PDF: Cut Value 2 and TKR Plane 7
0 0.0130512 0.2497 24.3019 -0.543537
0 0.012247 5.13498 19.9702 -0.494816
0 0.0111895 10.3136 16.4636 -0.497439
0 0.0116925 12.9552 13.959 -0.430897
0 0.0116955 14.0389 13.2039 -0.409267
0 0.00847081 12.4848 21.8845 -0.55245
0 0.0102196 17.287 14.7032 -0.364099
0 0.010902 19.6128 12.9612 -0.29064
0 0.0107967 21.1704 12.2088 -0.330138
0 0.0104026 22.0995 12.7279 -0.334579
0 0.00702388 46.7794 16.5922 -0.320258
0 0.00775947 49.039 15.009 -0.279512
0 0.00875408 51.3279 13.3728 -0.19559
0 0.00895732 54.2377 12.2922 -0.323062
0 0.00936013 54.4454 12.263 -0.243827
0 0.00521761 125.575 21.0424 -0.3286
0 0.00597771 130.834 18.3341 -0.289069
0 0.00648903 136.279 16.8097 -0.326327
0 0.00714817 136.858 15.7191 -0.269124
0 0.00728881 137.708 15.4943 -0.255657
0 0.00414056 209.187 25.8739 -0.380162
0 0.00481643 216.309 23.0017 -0.357599
0 0.00591335 219.184 20.3924 -0.230943
0 0.00582958 223.039 19.19 -0.343825
0 0.00565162 223.034 20.0275 -0.341108
0 0.00285692 377.904 35.0654 -0.434382
0 0.00357135 385.055 30.7826 -0.336655
0 0.00392586 390.91 27.0181 -0.392962
0 0.00447451 389.847 26.6649 -0.222308
0 0.00403238 391.851 27.1318 -0.36105
0 0.00168941 717.975 51.1194 -0.513431
0 0.00224879 723.479 44.5098 -0.39932
0 0.00257876 721.587 44.5184 -0.302635
0 0.00263994 718.049 43.7832 -0.277154
0 0.00264338 718.974 41.0268 -0.300468
0 0.00154707 806.267 53.3178 -0.510223
0 0.00215098 801.948 50.3773 -0.281675
0 0.00247425 806.909 41.11 -0.371307
0 0.00253296 799.782 44.6503 -0.256129
0 0.00212156 805.892 46.2266 -0.401177
0 0.00067682 1653.65 81.8105 -0.709591
0 0.000986631 1627.66 90.6181 -0.474334
0 0.000980038 1618.96 91.1638 -0.519623
0 0.000974174 1613.66 88.9683 -0.543744
0 0.00110142 1590.87 93.2186 -0.31491
PDF: Cut Value 2 and TKR Plane 8
0 0.0160876 0.166667 19.9028 -0.398166
0 0.0136528 0.166667 23.4865 -0.490666
0 0.0113018 5.65203 20.7518 -0.530996
0 0.0127121 9.30408 15.4861 -0.380453
0 0.0124272 10.6173 14.4859 -0.391417
0 0.0108015 8.85711 20.0298 -0.383345
0 0.00995282 15.6909 15.9306 -0.407944
0 0.0101674 17.8134 14.621 -0.3603
0 0.0101164 19.624 13.7215 -0.349122
0 0.0109594 20.6336 12.3619 -0.299739
0 0.00744877 41.8945 16.7059 -0.21072
0 0.00769509 46.7156 15.4439 -0.260129
0 0.00812127 49.1895 14.4998 -0.226522
0 0.00864436 51.0613 13.9197 -0.225619
0 0.00899234 51.6432 12.8647 -0.189826
0 0.00516645 120.703 22.1275 -0.262281
0 0.00588328 127.271 19.0911 -0.287888
0 0.00605902 132.863 18.1145 -0.330683
0 0.00731615 134.421 15.4916 -0.235133
0 0.00697409 135.674 15.7383 -0.273618
0 0.00441025 202.521 26.0424 -0.259403
0 0.00492711 211.307 23.2637 -0.292433
0 0.00585671 216.234 20.2358 -0.238949
0 0.005564 220.432 20.0777 -0.367529
0 0.00545481 220.691 19.9347 -0.371866
0 0.00292305 371.69 36.0785 -0.372222
0 0.00366743 379.961 30.5639 -0.293611
0 0.00400643 386.385 26.797 -0.378397
0 0.00394642 388.741 27.831 -0.375975
0 0.00425097 388.363 26.95 -0.285793
0 0.00178796 709.964 51.0668 -0.441638
0 0.00236099 713.922 45.6955 -0.320975
0 0.0024851 721.895 42.3132 -0.390668
0 0.00277924 716.925 41.84 -0.239058
0 0.00244161 718.195 43.6304 -0.357081
0 0.00164415 796.118 54.5598 -0.428842
0 0.00202108 804.555 48.1728 -0.425381
0 0.00220617 804.218 43.1601 -0.448766
0 0.00227106 802.932 45.8354 -0.406505
0 0.00220069 798.618 47.6807 -0.371398
0 0.000726542 1639.48 87.5036 -0.640364
0 0.00106131 1622.99 83.6888 -0.458034
0 0.00125862 1598.9 87.0659 -0.276118
0 0.00106074 1603.6 89.6468 -0.431349
0 0.000885064 1600.86 97.5149 -0.534154
PDF: Cut Value 2 and TKR Plane 9
0 0.0200895 0.166667 14.9536 -0.179561
0 0.0176532 0.166667 17.8539 -0.283315
0 0.0147068 5.58719 15.9276 -0.318416
0 0.0129187 3.49552 20.5967 -0.475404
0 0.0126731 7.98844 16.4685 -0.411163
0 0.0116887 5.05674 21.7169 -0.382372
0 0.0108037 10.6298 18.3401 -0.349744
0 0.0103023 14.6852 16.4721 -0.362164
0 0.0105258 17.6113 14.1099 -0.340378
0 0.010304 17.1736 14.8054 -0.33853
0 0.00739568 38.9923 17.0076 -0.179905
0 0.00780563 42.7012 15.5401 -0.194086
0 0.00785027 47.6293 14.9705 -0.247352
0 0.00848989 49.4791 13.8875 -0.258378
0 0.00866011 50.4531 13.4602 -0.226072
0 0.00515105 116.874 22.2097 -0.257931
0 0.00546245 123.766 20.5375 -0.278428
0 0.00602788 129.128 18.7243 -0.27274
0 0.00657903 131.411 17.456 -0.23351
0 0.00679452 132.357 16.4418 -0.249174
0 0.00413235 196.298 28.4054 -0.235509
0 0.00450467 206.233 26.2076 -0.289938
0 0.00490698 215.146 22.6621 -0.379196
0 0.00562984 215.844 21.2824 -0.24882
0 0.00553352 217.823 20.1266 -0.319568
0 0.00275383 364.486 38.2244 -0.377061
0 0.00344595 374.884 31.3264 -0.358281
0 0.00394393 380.751 29.8557 -0.28746
0 0.00367032 387.252 26.9611 -0.473756
0 0.00411101 384.486 27.5433 -0.287598
0 0.00180509 700.353 53.3004 -0.415027
0 0.00233806 710.134 45.0262 -0.346926
0 0.002724 713.837 42.1842 -0.2655
0 0.00267777 715.964 41.653 -0.339979
0 0.00255901 713.201 44.1822 -0.293087
0 0.00157594 782.357 59.4188 -0.428986
0 0.00214624 796.583 45.8747 -0.378464
0 0.00248268 795.046 44.9399 -0.256392
0 0.00229429 798.145 45.8223 -0.385488
0 0.00218608 798.671 45.4284 -0.419346
0 0.00069737 1627.48 90.7421 -0.644585
0 0.00103578 1620.11 88.2922 -0.440557
0 0.0010805 1611.74 85.9128 -0.483057
0 0.00115637 1591.93 90.063 -0.356695
0 0.000974404 1585.69 93.3654 -0.465211
PDF: Cut Value 2 and TKR Plane 10
0 0.0235322 0.166667 11.3995 0.0243123
0 0.0208216 0.166667 14.4957 -0.162982
0 0.0172581 0.166667 18.2439 -0.303633
0 0.0157352 2.58867 17.5819 -0.308732
0 0.015446 5.38662 14.9251 -0.273513
0 0.0138193 0.166667 22.8365 -0.337151
0 0.0113792 7.61247 19.7492 -0.369098
0 0.0104584 11.6145 18.2938 -0.383173
0 0.0110466 14.6782 14.6599 -0.284484
0 0.0101786 15.5507 15.8597 -0.367125
0 0.00700901 35.8048 18.3718 -0.232807
0 0.0076556 39.9895 16.3174 -0.185586
0 0.00808759 44.7389 15.1198 -0.207345
0 0.00809341 46.6521 14.8956 -0.224307
0 0.00805911 48.3923 14.2586 -0.250876
0 0.00474927 112.388 23.9776 -0.270162
0 0.00505653 120.716 22.0545 -0.326954
0 0.00592935 126.397 19.1401 -0.281108
0 0.0064919 129.677 17.0365 -0.284146
0 0.00636323 130.632 17.3897 -0.281162
0 0.00405129 190.501 29.3402 -0.241164
0 0.00443404 201.958 25.8983 -0.291229
0 0.00485536 211.405 22.5497 -0.384997
0 0.00526451 213.347 21.2645 -0.345867
0 0.0056481 211.546 21.8284 -0.166748
0 0.00274974 355.924 39.4966 -0.333057
0 0.00358613 366.097 33.3937 -0.212197
0 0.00396498 376.665 29.6775 -0.252164
0 0.00423815 379.323 27.9628 -0.237996
0 0.00406925 381.672 27.8291 -0.297182
0 0.00156506 692.71 57.8684 -0.500962
0 0.00228592 700.949 49.4508 -0.279759
0 0.0025385 712.66 45.2178 -0.323653
0 0.00259663 710.197 42.5833 -0.318809
0 0.00252405 708.399 43.7572 -0.302083
0 0.00142536 775.081 59.2735 -0.522668
0 0.00207085 787.944 48.0238 -0.377913
0 0.00241296 789.592 46.0124 -0.298746
0 0.00234602 795.439 45.6752 -0.344056
0 0.00229913 787.99 49.9376 -0.262152
0 0.000857142 1602.61 95.6401 -0.41017
0 0.0010201 1613.14 87.5592 -0.469366
0 0.00132114 1588.56 86.3006 -0.211216
0 0.00116399 1589 87.817 -0.362668
0 0.00108329 1589.25 89.1914 -0.378869
PDF: Cut Value 2 and TKR Plane 11
0 0.0260338 0.166667 9.32044 0.135531
0 0.0225796 0.166667 12.2718 -0.0271363
0 0.0192381 0.166667 16.0072 -0.228835
0 0.0173237 0.166667 18.2568 -0.333315
0 0.0155163 0.166667 20.5486 -0.400401
0 0.0162063 0.166667 19.2059 -0.260556
0 0.0128508 0.166667 24.6768 -0.410124
0 0.00907768 6.57915 25.9674 -0.575472
0 0.00922427 8.96394 23.3263 -0.516003
0 0.0103064 11.6185 18.5038 -0.383943
0 0.00671988 33.4106 19.902 -0.277222
0 0.00722786 37.5897 17.9269 -0.186903
0 0.00765508 42.559 16.136 -0.206571
0 0.0079312 44.3765 15.5531 -0.213873
0 0.00731674 46.71 15.6072 -0.308426
0 0.00468396 107.284 24.7314 -0.255637
0 0.00505278 115.563 22.9982 -0.25785
0 0.00561835 122.98 20.2904 -0.270369
0 0.00608943 125.894 18.7753 -0.250518
0 0.00622777 127.27 17.6594 -0.250115
0 0.00359084 187.661 30.5956 -0.360882
0 0.00431769 196.484 26.7125 -0.284874
0 0.00493627 204.705 24.616 -0.247561
0 0.00497623 210.906 21.7612 -0.382525
0 0.00534311 210.754 21.7757 -0.263922
0 0.00258402 350.193 41.303 -0.374758
0 0.00311737 363.797 36.1521 -0.324475
0 0.00381434 372.396 30.3253 -0.284105
0 0.00376422 378.005 29.8018 -0.353535
0 0.00395667 375.521 29.1705 -0.265983
0 0.00146427 684.518 63.6074 -0.494457
0 0.0022928 695.688 46.8891 -0.319532
0 0.00258418 706.084 43.8193 -0.321395
0 0.00277751 703.477 43.0953 -0.163532
0 0.00230574 705.042 48.3874 -0.339753
0 0.00154372 760.453 67.0103 -0.331328
0 0.00203512 781.574 50.3363 -0.365722
0 0.00231152 787.102 47.07 -0.334381
0 0.00250605 789.26 43.3268 -0.291939
0 0.00224865 789.119 45.7327 -0.350467
0 0.000713692 1600.98 96.2975 -0.579738
0 0.00103831 1604.73 84.3804 -0.476083
0 0.00118714 1595.97 87.3195 -0.367651
0 0.00116461 1589.01 87.1302 -0.363441
0 0.00121063 1577.34 87.627 -0.24537
PDF: Cut Value 2 and TKR Plane 12
0 0.0276536 0.166667 8.19021 0.197623
0 0.0247634 0.166667 10.3469 0.0683458
0 0.0210789 0.166667 14.3893 -0.175767
0 0.019909 0.166667 15.1155 -0.180512
0 0.0201449 0.166667 14.9756 -0.153841
0 0.019451 0.166667 14.1342 -0.0187203
0 0.0163446 0.166667 18.3707 -0.173237
0 0.0109699 0.166667 28.5788 -0.514497
0 0.0120685 8.57217 17.229 -0.283665
0 0.0102348 8.05119 21.7036 -0.462471
0 0.00662564 30.1193 21.1673 -0.279391
0 0.00729964 34.1941 18.0583 -0.189217
0 0.00709444 40.3583 17.2809 -0.279047
0 0.00762349 43.2505 16.074 -0.250358
0 0.0078208 43.6126 15.2234 -0.199657
0 0.00456449 101.775 26.1475 -0.198353
0 0.0049143 110.434 23.7521 -0.244809
0 0.00535892 119.752 21.514 -0.28205
0 0.00597373 123.542 18.9718 -0.239133
0 0.00614608 123.938 18.4336 -0.215608
0 0.00376635 179.138 31.8202 -0.220233
0 0.00401222 192.298 27.8938 -0.349161
0 0.00459714 202.382 25.2809 -0.306382
0 0.00474815 207.921 22.3574 -0.396801
0 0.0051724 208.243 21.8118 -0.277446
0 0.00244482 343.473 44.2421 -0.381106
0 0.00321135 354.739 35.8011 -0.270231
0 0.00369272 368.523 31.7519 -0.258383
0 0.00385257 373.241 29.6726 -0.297678
0 0.00385817 374.249 29.1448 -0.300901
0 0.00128266 679.807 66.0005 -0.577029
0 0.00232697 688.201 48.3769 -0.238542
0 0.00241665 701.295 45.6042 -0.351904
0 0.00231557 708.162 42.8244 -0.440439
0 0.00249313 701.885 44.1782 -0.306107
0 0.00136532 752.878 73.3714 -0.39087
0 0.00202489 768.455 51.9025 -0.331086
0 0.00237747 781.551 48.2193 -0.25698
0 0.00234278 783.635 47.2759 -0.320992
0 0.00241958 779.412 48.145 -0.213233
0 0.000575177 1592.93 114.971 -0.650158
0 0.00105662 1590.14 89.5239 -0.406243
0 0.00118589 1590.25 84.2372 -0.379938
0 0.00123008 1575.89 86.8603 -0.292165
0 0.00108917 1587.74 85.7731 -0.431495
PDF: Cut Value 2 and TKR Plane 13
0 0.0286753 0.166667 6.53707 0.341125
0 0.0267392 0.166667 6.81011 0.358321
0 0.0241015 0.166667 10.7704 0.0548221
0 0.0238315 0.166667 11.2295 0.0243122
0 0.0220266 0.166667 12.8324 -0.0595583
0 0.0205396 0.166667 12.7456 0.0393351
0 0.0170885 0.166667 17.4902 -0.165386
0 0.014701 0.166667 21.4557 -0.293082
0 0.0125334 6.09293 19.0198 -0.323143
0 0.0125184 4.94691 19.846 -0.312283
0 0.00701812 26.9521 20.6079 -0.209428
0 0.00649466 32.0081 20.9687 -0.278613
0 0.00736805 36.6614 17.5159 -0.158748
0 0.00738712 39.6368 17.1769 -0.2112
0 0.00740586 40.4575 16.6607 -0.192118
0 0.0042719 98.6115 27.6307 -0.243151
0 0.00466194 106.705 25.285 -0.242336
0 0.00534825 115.463 21.7965 -0.218112
0 0.00565658 120.302 20.136 -0.243679
0 0.0057997 121.365 19.734 -0.205215
0 0.00352172 174.128 34.6599 -0.220042
0 0.00412477 186.058 29.5771 -0.221718
0 0.00448778 198.907 25.9548 -0.297172
0 0.00488207 203.038 24.2508 -0.264912
0 0.00493151 203.801 23.7747 -0.26323
0 0.00247148 334.235 46.6077 -0.29214
0 0.00285826 351.751 39.0618 -0.355541
0 0.00349578 363.147 32.7738 -0.320569
0 0.00378843 369.6 31.0437 -0.276101
0 0.00379523 371.186 29.4137 -0.307954
0 0.00137773 669.406 65.7124 -0.516171
0 0.00210728 679.199 53.4646 -0.302635
0 0.00250408 692.622 46.7267 -0.284255
0 0.00259844 695.984 45.4211 -0.201071
0 0.0026493 694.37 43.7247 -0.230748
0 0.00136047 744.647 73.414 -0.388967
0 0.00180389 769.905 51.0789 -0.477125
0 0.00245833 772.754 48.8859 -0.19574
0 0.00250284 776.939 46.983 -0.161379
0 0.00237878 775.149 47.4704 -0.18082
0 0.000590347 1582.83 112.091 -0.639994
0 0.00112833 1579.58 88.0293 -0.343058
0 0.00132364 1579.92 83.4161 -0.273586
0 0.00130509 1574.03 81.4422 -0.275484
0 0.00116632 1571.18 88.8903 -0.304981
PDF: Cut Value 2 and TKR Plane 14
0 0.0289096 0.166667 5.63461 0.428696
0 0.028601 0.166667 6.86516 0.303283
0 0.0264377 0.166667 8.9479 0.159821
0 0.0248792 0.166667 9.84933 0.122809
0 0.0240182 0.166667 10.391 0.102316
0 0.0222314 0.166667 8.5748 0.316947
0 0.0202591 0.166667 12.7582 0.0522612
0 0.0161939 0.166667 18.7645 -0.205184
0 0.0136842 0.166667 23.1436 -0.356441
0 0.0126603 0.168925 24.9123 -0.434836
0 0.00701472 21.9738 23.0184 -0.253099
0 0.0071386 28.2096 19.8174 -0.17538
0 0.00698583 35.4636 18.1385 -0.268259
0 0.00716986 38.2622 17.9683 -0.232121
0 0.00699891 40.4313 17.0289 -0.292788
0 0.00423744 95.1043 27.612 -0.24337
0 0.00463362 102.097 25.7008 -0.205261
0 0.00509279 112.885 22.4258 -0.252417
0 0.00526707 117.959 21.0294 -0.281046
0 0.00548009 118.622 20.3841 -0.237471
0 0.00347804 169.12 35.1121 -0.208151
0 0.00378052 181.543 31.2536 -0.293451
0 0.00446412 193.153 27.6519 -0.220865
0 0.00482989 199.07 25.1876 -0.220149
0 0.00474485 200.706 24.392 -0.238724
0 0.00243983 328.214 46.9738 -0.293991
0 0.00305868 342.07 39.1587 -0.236825
0 0.00357216 356.619 33.3666 -0.209984
0 0.00393339 362.966 30.9067 -0.188405
0 0.00354593 364.929 32.5818 -0.291985
0 0.00136076 658.128 71.4899 -0.465795
0 0.00209179 670.966 52.8592 -0.307623
0 0.00261868 685.955 45.2858 -0.217452
0 0.00268584 688.569 44.7419 -0.163932
0 0.00259058 692.476 44.8947 -0.213365
0 0.00114175 748.353 71.3622 -0.578532
0 0.00209927 750.703 53.8148 -0.216206
0 0.0023696 769.587 47.8678 -0.277586
0 0.00246208 775.011 47.1078 -0.248457
0 0.00226277 775.155 48.0814 -0.289917
0 0.000763512 1571.57 102.007 -0.46471
0 0.00110808 1563.49 91.5378 -0.316922
0 0.00125441 1578.28 83.0532 -0.341149
0 0.00110306 1578.68 91.7363 -0.410337
0 0.00113869 1567.39 89.3689 -0.345357
PDF: Cut Value 2 and TKR Plane 15
0 0.0302495 0.166667 4.64394 0.531669
0 0.0269487 0.166667 5.12795 0.540013
0 0.0268796 0.166667 8.47474 0.198072
0 0.0261251 0.166667 8.30674 0.223882
0 0.0255202 0.166667 10.0182 0.0802717
0 0.0230043 0.166667 8.55054 0.301047
0 0.0220619 0.166667 10.2853 0.184933
0 0.017687 0.166667 16.5633 -0.125165
0 0.0162664 0.166667 18.6644 -0.209512
0 0.014421 0.166667 21.615 -0.353612
0 0.00744089 21.0433 21.9224 -0.208142
0 0.00688192 26.1577 21.4465 -0.250536
0 0.006994 31.18 19.7025 -0.171863
0 0.00691203 36.0715 18.9489 -0.276597
0 0.00684071 36.896 18.439 -0.248258
0 0.0043193 88.742 28.6257 -0.109022
0 0.00448555 98.3812 26.4206 -0.198375
0 0.00491277 108.554 24.0791 -0.221628
0 0.00524671 113.627 21.9554 -0.206778
0 0.00528213 115.355 21.6116 -0.214047
0 0.00341636 164.031 35.8402 -0.17059
0 0.00357023 175.943 33.1496 -0.279881
0 0.00396313 189.724 29.0903 -0.30254
0 0.00465617 194.095 26.6159 -0.173314
0 0.00421013 199.514 26.3745 -0.344037
0 0.00226081 325.113 49.0697 -0.337785
0 0.0027484 337.363 42.1541 -0.295185
0 0.00341287 352.854 34.9772 -0.239552
0 0.00363543 360.309 33.5303 -0.215489
0 0.00356763 360.621 32.8334 -0.209871
0 0.00139122 651.974 72.4126 -0.427035
0 0.00210766 663.665 52.3436 -0.279473
0 0.00242813 680.317 47.8851 -0.271119
0 0.00237097 689.503 48.1011 -0.281799
0 0.00239715 687.193 48.3731 -0.269773
0 0.00132958 731.498 72.955 -0.392719
0 0.00188262 744.677 57.738 -0.283826
0 0.00227975 761.742 50.4304 -0.283084
0 0.00252909 765.358 47.1302 -0.156117
0 0.00235397 767.48 48.3917 -0.224753
0 0.000713365 1563.75 104.567 -0.528488
0 0.00102315 1561.4 96.5096 -0.370946
0 0.00126783 1566.33 86.0094 -0.309103
0 0.00119961 1570.12 89.2628 -0.32978
0 0.00109026 1568.66 90.0216 -0.397117
PDF: Cut Value 2 and TKR Plane 16
0 0.0304073 0.166667 4.06105 0.60396
0 0.0290385 0.166667 4.87921 0.525825
0 0.0276979 0.166667 6.52902 0.37018
0 0.0264504 0.166667 7.07663 0.34495
0 0.0263452 0.166667 7.93042 0.260754
0 0.0236715 0.166667 6.9032 0.433358
0 0.0230931 0.166667 9.30113 0.236914
0 0.0199141 0.166667 13.5534 -0.00379105
0 0.0186098 0.166667 14.7689 -0.0220314
0 0.0184689 0.166667 14.6931 -0.0077653
0 0.00749128 15.4616 24.8481 -0.201745
0 0.00702835 24.0407 21.9628 -0.266363
0 0.00715268 29.0096 19.7514 -0.184174
0 0.00659699 35.0185 19.8674 -0.309132
0 0.00638064 34.8647 20.4058 -0.337385
0 0.00424991 85.3355 29.0759 -0.119775
0 0.00435851 93.5719 27.4941 -0.210537
0 0.00460322 104.542 25.4633 -0.224901
0 0.00515444 111.078 22.3004 -0.215736
0 0.00520899 111.268 21.8005 -0.185143
0 0.00327416 160.653 36.243 -0.223698
0 0.00348018 170.658 33.8543 -0.265857
0 0.00366934 186.529 29.9172 -0.384055
0 0.00447489 190.084 27.9012 -0.164226
0 0.0043204 195.273 26.0168 -0.298821
0 0.0023131 314.839 50.1104 -0.276951
0 0.00257133 330.99 43.8907 -0.336096
0 0.00329337 347.647 35.6974 -0.263054
0 0.0035965 355.459 34.2456 -0.18005
0 0.00330149 359.514 34.5268 -0.302243
0 0.0014366 644.131 69.8988 -0.408386
0 0.00191008 654.028 58.513 -0.304059
0 0.00242473 670.756 50.6805 -0.182001
0 0.00261383 680.918 45.6038 -0.158655
0 0.00237812 682.724 46.8181 -0.300908
0 0.00130694 722.124 74.7996 -0.400947
0 0.00179638 738.278 60.0472 -0.310883
0 0.00230962 756.043 49.8681 -0.262859
0 0.00238155 763.651 49.1966 -0.241861
0 0.00222418 764.475 50.5503 -0.20389
0 0.000764908 1540.96 113.575 -0.431813
0 0.000969093 1544.7 102.358 -0.371442
0 0.00138896 1545.93 85.45 -0.117119
0 0.00129416 1561.6 85.1422 -0.255058
0 0.00114414 1556.43 90.7998 -0.319338
PDF: Cut Value 2 and TKR Plane 17
0 0.0286739 0.166667 3.16517 0.751259
0 0.0291646 0.166667 4.33981 0.588019
0 0.0271234 0.166667 5.95503 0.44077
0 0.02767 0.166667 7.1163 0.308855
0 0.0270539 0.166667 7.43694 0.290048
0 0.0240285 0.166667 6.32148 0.475646
0 0.0228351 0.166667 7.51962 0.393548
0 0.0207495 0.166667 12.0701 0.0793749
0 0.019513 0.166667 13.7892 0.0126422
0 0.0183712 0.166667 15.9249 -0.12024
0 0.00873015 13.5969 19.9608 -0.0160631
0 0.00762571 17.4772 23.0628 -0.189127
0 0.00655395 26.914 22.9212 -0.27217
0 0.00691846 30.9592 20.2373 -0.239634
0 0.00701269 31.4445 19.4153 -0.208756
0 0.00406818 80.4891 31.0033 -0.132846
0 0.00437176 89.9455 28.1045 -0.165828
0 0.00437514 100.923 27.1233 -0.253456
0 0.004931 108.142 23.6377 -0.227237
0 0.0049442 109.843 22.8397 -0.211184
0 0.003357 151.139 38.1794 -0.0815597
0 0.0034916 165.348 34.6749 -0.227837
0 0.0036854 180.483 32.6251 -0.282717
0 0.00408168 190.49 27.1079 -0.343747
0 0.0043044 191.29 26.3902 -0.258777
0 0.00226082 309.852 50.471 -0.2829
0 0.00266475 323.658 43.2622 -0.280724
0 0.00320332 340.773 38.0538 -0.199001
0 0.00341214 351.081 35.7869 -0.233756
0 0.00346252 353.876 34.3896 -0.202791
0 0.00139454 633.193 75.2322 -0.392104
0 0.00181244 648.435 61.0964 -0.320868
0 0.00241748 664.944 51.1417 -0.17939
0 0.00240085 678.976 48.6636 -0.249421
0 0.00245154 677.234 47.4842 -0.211958
0 0.00118696 714.739 83.6559 -0.434081
0 0.00175751 728.621 63.7766 -0.271693
0 0.00232941 743.165 50.7912 -0.166404
0 0.0023261 757.122 51.1401 -0.214932
0 0.00225416 757.773 51.9859 -0.184274
0 0.000822723 1526.48 112.636 -0.309516
0 0.00110787 1536.68 93.6005 -0.26489
0 0.00124344 1554.17 87.3951 -0.319812
0 0.00128364 1558.14 86.7045 -0.268944
0 0.0011266 1559.78 87.3915 -0.375823
