ped	0	3	1	0	200.1	195.9	176.3	166.9	254.3	258.9	161.2	232
ped	1	3	1	1	230.2	159.1	173.4	162	269.1	179.1	238.5	196.9
ped	2	3	1	2	215.9	196.6	215.1	209.7	260.4	233.4	222.3	212
ped	3	3	1	3	129.8	158.8	133.6	123.8	292.1	210.9	238.8	231.4
ped	4	3	1	4	206.3	166.9	178.5	171.5	274.1	193.8	218.6	237.6
ped	5	3	1	5	190	158.1	183.9	201.8	310.6	235.1	228.5	278.3
ped	6	3	1	6	192.8	173.4	169.7	167	243.1	219	213.2	213
ped	7	3	1	7	161.4	153.9	162.1	200.7	200.2	260	218.8	233
ped	8	3	1	8	249.5	212.7	190.5	152.1	261	184.5	210.7	237
ped	9	3	1	9	213	206.5	204.8	228.6	249.7	241.8	213.5	222
ped	10	3	0	0	202.5	99.3	80.1	57.4	177.5	152.6	106.5	87.1
ped	11	3	0	1	150.3	97.7	117.4	89.5	202.3	135.7	91.4	113
ped	12	3	0	2	146.8	104.1	106.9	36.8	151	63.2	83.7	137.1
ped	13	3	0	3	137.6	122	93.3	93.6	178.3	117.3	108.1	72.4
ped	14	3	0	4	191.9	89	118.7	117.1	149	61.6	94.1	62.4
ped	15	3	0	5	176.7	156.4	177.9	141.5	155.6	137.1	78.1	61.9
ped	16	3	0	6	205.8	88.2	156.9	146	140.8	128.1	118.2	88.3
ped	17	3	0	7	126.2	84	72.7	99.2	161	92.1	133.7	57.7
ped	18	3	0	8	141.6	145.8	98.3	122.9	121.3	114.3	115.4	87.1
ped	19	3	0	9	150.3	77.6	88.2	96.7	161.8	74.2	101.5	87.3
ped	20	2	1	0	144.2	191	148.4	178	240.9	258.9	223.7	223.2
ped	21	2	1	1	225.7	216.6	171.9	212	245.5	231.1	205.5	207.2
ped	22	2	1	2	188.1	209.7	182	216	237.6	240.6	189.7	223.3
ped	23	2	1	3	225.8	172.4	169.8	162	230	229.8	184.2	251.3
ped	24	2	1	4	247.5	218.7	212.4	213.2	252	212.1	215.8	222
ped	25	2	1	5	195.5	171.3	173.6	147.1	234.6	214.7	198.1	197
ped	26	2	1	6	217.2	220.9	222.9	173.3	228.8	220.5	205	171.3
ped	27	2	1	7	218.9	204	54.4	234.5	254.4	217.1	223.6	188
ped	28	2	1	8	160.6	156.3	148.5	153.8	215.1	223.8	174.5	242
ped	29	2	1	9	176.8	151.8	211.7	152.9	257.2	265.5	208.7	188.6
ped	30	2	0	0	204.3	121.4	140.9	92	154.6	101.6	98.8	116.8
ped	31	2	0	1	177.3	82.4	77.5	127	157.9	75.8	163.3	127.1
ped	32	2	0	2	230.8	164.9	128.1	97	174.7	66.6	101.9	97.7
ped	33	2	0	3	167.1	101.1	66.4	112.1	147.5	103.2	97.9	132
ped	34	2	0	4	161.2	137.8	98	116.4	161.1	92.6	141.2	114.4
ped	35	2	0	5	163.4	112.1	133.7	106.4	174.1	165.9	68	141.9
ped	36	2	0	6	146	122.6	78.9	135.8	167.4	83.5	88	86.5
ped	37	2	0	7	185.1	137.7	113.1	87.2	135.6	118.7	86.3	111.9
ped	38	2	0	8	134.8	99.6	78.9	106.5	128.4	89.4	56.4	117.9
ped	39	2	0	9	142.3	127.8	166.5	134.1	182.4	123.8	112	116.5
ped	40	1	1	0	169.2	172.8	188.2	183.8	249.9	227.4	228.9	258.2
ped	41	1	1	1	198.4	181.8	177	174.1	276.2	222.2	244	239.4
ped	42	1	1	2	259.9	164.7	165.7	171.8	270	211	233.5	213.2
ped	43	1	1	3	210.8	218.2	168.6	175.1	259.3	196.1	208.4	236.9
ped	44	1	1	4	201.1	195.8	211.4	188.4	287.6	261.4	223.6	233.7
ped	45	1	1	5	181.9	188.8	179.3	192	247.5	219.3	203.6	208.3
ped	46	1	1	6	181.3	155.7	176.6	167	249.4	230.8	207	206.4
ped	47	1	1	7	226.3	158.8	189.5	151.9	280.8	239.9	241.2	207.9
ped	48	1	1	8	187.8	151.8	168.3	143.2	258.3	239.7	257.2	217.9
ped	49	1	1	9	200.2	232.5	183.4	232	252.9	266.9	238.3	207
ped	50	1	0	0	158.5	152.6	89.2	122.7	204.5	108.8	6.2	78
ped	51	1	0	1	131	10.6	2.5	2.5	98.5	53	126.7	132.6
ped	52	1	0	2	118.6	58.4	75.2	77.8	73.6	158.4	103.2	141.6
ped	53	1	0	3	146.9	29	56.2	59.4	191.3	78	114.2	37.1
ped	54	1	0	4	152.6	106.3	114.7	70.5	136.5	66	103.9	97
ped	55	1	0	5	218.7	140.1	131.6	121.7	188.8	163.7	142.9	147
ped	56	1	0	6	157.6	106.6	133.6	112.2	134.7	97.8	102.9	88.9
ped	57	1	0	7	180	156.9	73.3	88	128.8	85.4	72.5	81.4
ped	58	1	0	8	146.2	133.3	88.3	98.5	154.9	72.8	92.8	57.1
ped	59	1	0	9	146.3	96.6	3.7	4.7	143.3	135.1	108.6	81.4
ped	60	0	1	0	223.3	222.7	169.8	204.1	249.5	230.7	203.3	207.7
ped	61	0	1	1	206.8	194.7	203.4	152.9	212.4	234.5	183.3	183.2
ped	62	0	1	2	201.7	179.4	188.8	167.3	245.9	212	208.9	182
ped	63	0	1	3	176.1	153.1	135.9	181.9	268.6	226.8	215.9	226
ped	64	0	1	4	216.1	151.9	183.4	206.6	251.4	212.4	183.8	207
ped	65	0	1	5	222.7	191	214.3	165	290.2	217.1	218.3	266.2
ped	66	0	1	6	178.3	165.7	173.5	173	229.1	219	242.8	257.1
ped	67	0	1	7	217.7	177.7	171.1	188	231	207	203.7	226.3
ped	68	0	1	8	170.3	162.1	183.4	169.1	270.1	230.4	233.3	232
ped	69	0	1	9	187.4	165	173.3	182.8	229.3	249.8	270	236.3
ped	70	0	0	0	145	110.7	121.6	111.4	186.2	163	47.4	74.7
ped	71	0	0	1	174.9	121.4	139	81.4	192	141	40	93.1
ped	72	0	0	2	94.1	42.1	86.1	61.3	145	146.3	141.1	96.5
ped	73	0	0	3	136.6	104.4	76.9	62.1	166.2	122.7	146.1	131.4
ped	74	0	0	4	140.4	98.5	63.8	104.1	113.1	105.6	173.3	123.3
ped	75	0	0	5	164.9	62.7	74.2	87.1	208.8	95.2	101.1	152.1
ped	76	0	0	6	155.8	123.1	77.8	57	189	98.3	56.2	31.3
ped	77	0	0	7	159.3	55.3	136.5	143.6	106.2	106.3	96	108.3
ped	78	0	0	8	177.6	50.4	123.6	76.5	175.9	109.6	197.4	106.5
ped	79	0	0	9	183.5	125.2	107.4	65.2	157.8	157.9	80.2	98.5
