   0   0   0   4.8967   4.8967   0.0000   0.0000
   1   0   0   3.5522   3.5522   0.0000   0.0000
   0   1   0   2.3821   2.3821   0.0000   0.0000
   1   1   0   2.5938   2.5938   0.0000   0.0000
   0   2   0   4.4535   4.4535   0.0000   0.0000
   1   2   0   2.1293   2.1293   0.0000   0.0000
   0   3   0   2.4089   2.4089   0.0000   0.0000
   1   3   0   2.0773   2.0773   0.0000   0.0000
   0   4   0   2.2448   2.2448   0.0000   0.0000
   1   4   0   2.6060   2.6060   0.0000   0.0000
   0   5   0   1.7865   1.7865   0.0000   0.0000
   1   5   0   3.9817   3.9817   0.0000   0.0000
   0   6   0   1.9775   1.9775   0.0000   0.0000
   1   6   0   3.4588   3.4588   0.0000   0.0000
   0   7   0   3.5961   3.5961   0.0000   0.0000
   1   7   0   2.8156   2.8156   0.0000   0.0000
   0   8   0   4.0401   4.0401   0.0000   0.0000
   1   8   0   2.2415   2.2415   0.0000   0.0000
   0   9   0   5.0065   5.0065   0.0000   0.0000
   1   9   0   2.2692   2.2692   0.0000   0.0000
   0   0   1   4.5818   4.5818   0.0000   0.0000
   1   0   1   1.9502   1.9502   0.0000   0.0000
   0   1   1   4.3953   4.3953   0.0000   0.0000
   1   1   1   1.9097   1.9097   0.0000   0.0000
   0   2   1   2.6753   2.6753   0.0000   0.0000
   1   2   1   2.2062   2.2062   0.0000   0.0000
   0   3   1   3.4947   3.4947   0.0000   0.0000
   1   3   1   2.5919   2.5919   0.0000   0.0000
   0   4   1   2.9115   2.9115   0.0000   0.0000
   1   4   1   1.7341   1.7341   0.0000   0.0000
   0   5   1   2.3133   2.3133   0.0000   0.0000
   1   5   1   1.9945   1.9945   0.0000   0.0000
   0   6   1   4.7289   4.7289   0.0000   0.0000
   1   6   1   2.1450   2.1450   0.0000   0.0000
   0   7   1   3.9917   3.9917   0.0000   0.0000
   1   7   1   1.8723   1.8723   0.0000   0.0000
   0   8   1   2.4907   2.4907   0.0000   0.0000
   1   8   1   1.9093   1.9093   0.0000   0.0000
   0   9   1   4.2590   4.2590   0.0000   0.0000
   1   9   1   3.5927   3.5927   0.0000   0.0000
   0   0   2   3.4472   3.4472   0.0000   0.0000
   1   0   2   3.4654   3.4654   0.0000   0.0000
   0   1   2   2.1656   2.1656   0.0000   0.0000
   1   1   2   2.5346   2.5346   0.0000   0.0000
   0   2   2   2.3316   2.3316   0.0000   0.0000
   1   2   2   2.9579   2.9579   0.0000   0.0000
   0   3   2   2.0617   2.0617   0.0000   0.0000
   1   3   2   2.2181   2.2181   0.0000   0.0000
   0   4   2   1.8273   1.8273   0.0000   0.0000
   1   4   2   1.8387   1.8387   0.0000   0.0000
   0   5   2   2.3436   2.3436   0.0000   0.0000
   1   5   2   2.6829   2.6829   0.0000   0.0000
   0   6   2   2.0001   2.0001   0.0000   0.0000
   1   6   2   5.1261   5.1261   0.0000   0.0000
   0   7   2   1.8689   1.8689   0.0000   0.0000
   1   7   2   1.3762   1.3762   0.0000   0.0000
   0   8   2   2.0571   2.0571   0.0000   0.0000
   1   8   2   1.7995   1.7995   0.0000   0.0000
   0   9   2   1.9723   1.9723   0.0000   0.0000
   1   9   2   4.7870   4.7870   0.0000   0.0000
   0   0   3   2.5383   2.5383   0.0000   0.0000
   1   0   3   2.3880   2.3880   0.0000   0.0000
   0   1   3   3.5488   3.5488   0.0000   0.0000
   1   1   3   3.4010   3.4010   0.0000   0.0000
   0   2   3   4.2175   4.2175   0.0000   0.0000
   1   2   3   2.0496   2.0496   0.0000   0.0000
   0   3   3   2.2966   2.2966   0.0000   0.0000
   1   3   3   2.0256   2.0256   0.0000   0.0000
   0   4   3   2.0684   2.0684   0.0000   0.0000
   1   4   3   2.1356   2.1356   0.0000   0.0000
   0   5   3   2.1687   2.1687   0.0000   0.0000
   1   5   3   2.0608   2.0608   0.0000   0.0000
   0   6   3   1.9230   1.9230   0.0000   0.0000
   1   6   3   1.9194   1.9194   0.0000   0.0000
   0   7   3   1.9860   1.9860   0.0000   0.0000
   1   7   3   1.9055   1.9055   0.0000   0.0000
   0   8   3   1.8919   1.8919   0.0000   0.0000
   1   8   3   2.0778   2.0778   0.0000   0.0000
   0   9   3   2.0261   2.0261   0.0000   0.0000
   1   9   3   1.9617   1.9617   0.0000   0.0000
   0   0   4   3.9069   3.9069   0.0000   0.0000
   1   0   4   4.8059   4.8059   0.0000   0.0000
   0   1   4   4.8575   4.8575   0.0000   0.0000
   1   1   4   2.1474   2.1474   0.0000   0.0000
   0   2   4   2.4514   2.4514   0.0000   0.0000
   1   2   4   3.2999   3.2999   0.0000   0.0000
   0   3   4   3.8971   3.8971   0.0000   0.0000
   1   3   4   2.0455   2.0455   0.0000   0.0000
   0   4   4   2.2125   2.2125   0.0000   0.0000
   1   4   4   4.5389   4.5389   0.0000   0.0000
   0   5   4   3.0674   3.0674   0.0000   0.0000
   1   5   4   2.4196   2.4196   0.0000   0.0000
   0   6   4   2.3476   2.3476   0.0000   0.0000
   1   6   4   2.6455   2.6455   0.0000   0.0000
   0   7   4   2.3887   2.3887   0.0000   0.0000
   1   7   4   2.0902   2.0902   0.0000   0.0000
   0   8   4   1.9898   1.9898   0.0000   0.0000
   1   8   4   4.5202   4.5202   0.0000   0.0000
   0   9   4   2.2870   2.2870   0.0000   0.0000
   1   9   4   2.0556   2.0556   0.0000   0.0000
   0   0   5   2.2298   2.2298   0.0000   0.0000
   1   0   5   2.5570   2.5570   0.0000   0.0000
   0   1   5   4.7957   4.7957   0.0000   0.0000
   1   1   5   2.0210   2.0210   0.0000   0.0000
   0   2   5   2.1260   2.1260   0.0000   0.0000
   1   2   5   3.5682   3.5682   0.0000   0.0000
   0   3   5   2.1836   2.1836   0.0000   0.0000
   1   3   5   3.7309   3.7309   0.0000   0.0000
   0   4   5   2.2404   2.2404   0.0000   0.0000
   1   4   5   3.7319   3.7319   0.0000   0.0000
   0   5   5   2.6771   2.6771   0.0000   0.0000
   1   5   5   2.1341   2.1341   0.0000   0.0000
   0   6   5   1.8419   1.8419   0.0000   0.0000
   1   6   5   1.6943   1.6943   0.0000   0.0000
   0   7   5   3.3458   3.3458   0.0000   0.0000
   1   7   5   1.5310   1.5310   0.0000   0.0000
   0   8   5   1.8709   1.8709   0.0000   0.0000
   1   8   5   1.7832   1.7832   0.0000   0.0000
   0   9   5   3.3392   3.3392   0.0000   0.0000
   1   9   5   3.8593   3.8593   0.0000   0.0000
   0   0   6   1.8073   1.8073   0.0000   0.0000
   1   0   6   2.4931   2.4931   0.0000   0.0000
   0   1   6   2.0434   2.0434   0.0000   0.0000
   1   1   6   2.4757   2.4757   0.0000   0.0000
   0   2   6   1.8845   1.8845   0.0000   0.0000
   1   2   6   2.6603   2.6603   0.0000   0.0000
   0   3   6   1.8115   1.8115   0.0000   0.0000
   1   3   6   2.2604   2.2604   0.0000   0.0000
   0   4   6   1.8972   1.8972   0.0000   0.0000
   1   4   6   2.1773   2.1773   0.0000   0.0000
   0   5   6   2.1630   2.1630   0.0000   0.0000
   1   5   6   2.5821   2.5821   0.0000   0.0000
   0   6   6   1.7978   1.7978   0.0000   0.0000
   1   6   6   2.2296   2.2296   0.0000   0.0000
   0   7   6   1.7473   1.7473   0.0000   0.0000
   1   7   6   2.2462   2.2462   0.0000   0.0000
   0   8   6   1.9804   1.9804   0.0000   0.0000
   1   8   6   2.3467   2.3467   0.0000   0.0000
   0   9   6   2.0322   2.0322   0.0000   0.0000
   1   9   6   4.7867   4.7867   0.0000   0.0000
   0   0   7   3.8535   3.8535   0.0000   0.0000
   1   0   7   3.1512   3.1512   0.0000   0.0000
   0   1   7   2.4329   2.4329   0.0000   0.0000
   1   1   7   2.4005   2.4005   0.0000   0.0000
   0   2   7   2.4294   2.4294   0.0000   0.0000
   1   2   7   4.6900   4.6900   0.0000   0.0000
   0   3   7   2.3615   2.3615   0.0000   0.0000
   1   3   7   2.2749   2.2749   0.0000   0.0000
   0   4   7   2.9820   2.9820   0.0000   0.0000
   1   4   7   1.6937   1.6937   0.0000   0.0000
   0   5   7   2.0833   2.0833   0.0000   0.0000
   1   5   7   2.3262   2.3262   0.0000   0.0000
   0   6   7   2.1768   2.1768   0.0000   0.0000
   1   6   7   2.0528   2.0528   0.0000   0.0000
   0   7   7   3.5022   3.5022   0.0000   0.0000
   1   7   7   2.1582   2.1582   0.0000   0.0000
   0   8   7   2.1800   2.1800   0.0000   0.0000
   1   8   7   2.1451   2.1451   0.0000   0.0000
   0   9   7   1.9113   1.9113   0.0000   0.0000
   1   9   7   4.2553   4.2553   0.0000   0.0000
; Face  Colmn  Layer  fC-to-MeV_LEX4_to_HE_[MeV/fC]
; JEG 28 Apr 2000, from data collected 04 Dec 1999 at SLAC.
; Use:  Multiply output of adc_to_MeV by fC_to_MeV, gives units=MeV.
; WARNING:  Ranges HEX8 and HE are nonsense.
