0 0 0 0   392.744  0  0.0295711  -5.87605e-06  -2.65715  0.0347151  -1.74724e-06
1 0 0 0   103.329  0  0.113365  -0.000136459  -2.25952  0.121641  -4.92268e-06
2 0 0 0   319.64  0  0.605944  -0.000305675  6.54834  0.496623  -2.77527e-05
3 0 0 0   51.6108  0  3.02594  0.0117416  39.0316  2.88052  -9.41274e-05
0 1 0 0   738.108  0  0.0270825  1.68136e-06  -3.72058  0.0349439  -2.14011e-06
1 1 0 0   201.886  0  0.092817  6.31768e-05  -2.82277  0.120739  -5.86993e-06
2 1 0 0   300.687  0  0.69946  -0.000532592  18.5449  0.485302  -2.54778e-05
3 1 0 0   54.5659  0  -0.360302  0.120233  184.839  2.81799  -9.38941e-05
0 0 1 0   401.436  0  0.028285  -4.07849e-06  -2.73499  0.0341916  -1.82054e-06
1 0 1 0   102.845  0  0.101498  7.96306e-06  -1.88601  0.121243  -5.70599e-06
2 0 1 0   316.598  0  0.652898  -0.000436689  9.36121  0.493547  -2.67591e-05
3 0 1 0   49.4316  0  0.597469  0.114297  166.125  2.89198  -0.000107945
0 1 1 0   733.942  0  0.0264251  2.80053e-06  -3.57117  0.03494  -2.1715e-06
1 1 1 0   197.688  0  0.101494  1.59862e-05  -2.88946  0.120389  -5.65761e-06
2 1 1 0   301.471  0  0.710965  -0.00057268  18.4838  0.484963  -2.63912e-05
3 1 1 0   70.7329  0  -1.79067  0.0962136  159.785  2.76174  -8.39745e-05
0 0 2 0   392.99  0  0.0301574  -7.47487e-06  -2.52941  0.0343638  -1.80045e-06
1 0 2 0   106.333  0  0.116683  -0.000210975  -2.78304  0.120987  -5.30928e-06
2 0 2 0   306.287  0  0.687176  -0.000508073  13.6869  0.495326  -2.76001e-05
3 0 2 0   53.3416  0  1.03208  0.0799764  128.706  2.89097  -0.000106735
0 1 2 0   752.458  0  0.0246852  4.11086e-06  -4.49232  0.035262  -2.01117e-06
1 1 2 0   202.311  0  0.0903474  5.94303e-05  -3.74946  0.122027  -5.55031e-06
2 1 2 0   306.794  0  0.697992  -0.000551787  17.3129  0.480298  -2.61485e-05
3 1 2 0   53.6929  0  0.697876  0.0896722  142.862  2.85778  -0.000109159
0 0 3 0   385.377  0  0.0292638  -3.98606e-06  -2.4247  0.0347423  -1.87572e-06
1 0 3 0   107.317  0  0.0914212  8.8425e-05  -2.32433  0.123214  -6.00653e-06
2 0 3 0   306.711  0  0.689029  -0.000519602  15.8584  0.486018  -2.62845e-05
3 0 3 0   51.6636  0  -0.600344  0.14534  211.94  2.81054  -8.60482e-05
0 1 3 0   709.299  0  0.0283627  1.56803e-06  -3.23021  0.0355845  -2.19297e-06
1 1 3 0   193.65  0  0.102416  2.72677e-05  -2.37061  0.121059  -5.78892e-06
2 1 3 0   302.534  0  0.699197  -0.000539286  18.743  0.482314  -2.71801e-05
3 1 3 0   52.7253  0  -0.891905  0.144238  207.56  2.78171  -9.89937e-05
0 0 4 0   402.925  0  0.0271926  -1.32652e-06  -2.83333  0.0344385  -1.85757e-06
1 0 4 0   97.3057  0  0.114601  -8.09316e-05  -1.49231  0.122594  -5.47199e-06
2 0 4 0   319.57  0  0.656311  -0.000457156  10.6309  0.485422  -2.65068e-05
3 0 4 0   53.7334  0  2.16798  0.0383693  72.5446  2.88525  -0.000105
0 1 4 0   728.938  0  0.0274742  1.65033e-06  -3.80957  0.0354299  -2.09417e-06
1 1 4 0   210.746  0  0.0780943  0.000105546  -4.54612  0.123175  -6.00432e-06
2 1 4 0   306.08  0  0.701414  -0.000559469  17.8045  0.480309  -2.71386e-05
3 1 4 0   54.0549  0  0.0457118  0.110659  176.74  2.76287  -9.4691e-05
0 0 5 0   398.677  0  0.0283318  -3.73789e-06  -2.25429  0.0332101  -1.79114e-06
1 0 5 0   135.822  0  0.0344739  0.000399552  -4.15519  0.120125  -5.81792e-06
2 0 5 0   326.188  0  0.542833  -0.000143222  8.39366  0.479263  -2.72238e-05
3 0 5 0   55.5413  0  -0.96093  0.134543  206.721  2.79542  -0.000100748
0 1 5 0   712.45  0  0.0276911  2.315e-06  -3.59641  0.0359039  -2.12726e-06
1 1 5 0   220.499  0  0.0666036  0.000130111  -5.84951  0.123108  -5.8331e-06
2 1 5 0   305.388  0  0.698123  -0.000546861  17.6105  0.481485  -2.63048e-05
3 1 5 0   57.9067  0  -1.80245  0.139465  208.132  2.68314  -6.76052e-05
0 0 6 0   400.011  0  0.0296825  -7.33684e-06  -2.60775  0.0339465  -1.6989e-06
1 0 6 0   101.97  0  0.119031  -0.000196939  -2.21432  0.121171  -4.9705e-06
2 0 6 0   312.048  0  0.696605  -0.0005615  14.7828  0.482312  -2.6586e-05
3 0 6 0   51.28  0  1.83594  0.0599503  104.215  2.88403  -0.000119107
0 1 6 0   748.364  0  0.0243163  4.84108e-06  -4.48508  0.0354937  -2.08631e-06
1 1 6 0   190.891  0  0.110473  -1.74932e-05  -2.32108  0.120338  -5.47605e-06
2 1 6 0   298.659  0  0.71832  -0.000582883  17.2917  0.494173  -2.62311e-05
3 1 6 0   54.7493  0  -0.335289  0.106954  145.139  2.87497  -0.000102295
0 0 7 0   396.098  0  0.0298931  -7.38583e-06  -2.32897  0.033553  -1.78146e-06
1 0 7 0   111.322  0  0.101564  -9.42118e-05  -2.76495  0.11649  -5.17961e-06
2 0 7 0   303.708  0  0.710928  -0.000577561  15.2558  0.493491  -2.70147e-05
3 0 7 0   53.4634  0  2.48386  0.0287044  60.6575  2.89017  -0.00011661
0 1 7 0   763.069  0  0.0235638  5.05035e-06  -4.95317  0.0355348  -2.13093e-06
1 1 7 0   212.099  0  0.0428833  0.000345405  -0.977027  0.122111  -6.41727e-06
2 1 7 0   315.706  0  0.574476  -0.000196222  12.7916  0.480457  -2.67588e-05
3 1 7 0   47.9211  0  -2.14848  0.209486  247.591  2.72802  -8.9899e-05
0 0 8 0   374.691  0  0.0329111  -1.21401e-05  -1.85967  0.0339419  -1.64514e-06
1 0 8 0   170.283  0  0.0286419  0.000257142  -8.9973  0.126334  -6.27386e-06
2 0 8 0   330.731  0  0.505127  -4.61835e-05  3.2826  0.488764  -2.6719e-05
3 0 8 0   51.8025  0  -1.35548  0.165757  229.047  2.81493  -0.000102985
0 1 8 0   714.362  0  0.0276196  2.28994e-06  -3.44192  0.0355472  -2.06281e-06
1 1 8 0   190.294  0  0.104576  2.74758e-05  -2.41885  0.123598  -5.68371e-06
2 1 8 0   295.142  0  0.73528  -0.00062231  19.7319  0.492198  -2.52195e-05
3 1 8 0   49.6912  0  0.176802  0.127393  181.314  2.86339  -0.000103216
0 0 9 0   396.91  0  0.0289513  -4.9509e-06  -2.54842  0.0341539  -1.88215e-06
1 0 9 0   102.588  0  0.116609  -0.000172333  -2.10602  0.119994  -5.22201e-06
2 0 9 0   298.477  0  0.734045  -0.000633852  16.465  0.498137  -2.82945e-05
3 0 9 0   50.4734  0  2.03627  0.0556647  99.9124  2.87142  -0.000100619
0 1 9 0   718.89  0  0.0276185  2.00426e-06  -3.31297  0.0351263  -2.02882e-06
1 1 9 0   192.28  0  0.10936  -1.79998e-05  -2.7062  0.121055  -5.62288e-06
2 1 9 0   299.458  0  0.721758  -0.000596438  19.6714  0.484698  -2.41701e-05
3 1 9 0   51.4033  0  0.0942575  0.119906  178.177  2.79554  -7.67226e-05
0 0 0 1   778.435  0  0.0233431  4.51067e-06  -4.68625  0.0345508  -2.15348e-06
1 0 0 1   211.035  0  0.0809775  9.87758e-05  -2.0796  0.112709  -4.89235e-06
2 0 0 1   333.758  0  0.56899  -0.000239621  6.648  0.477314  -2.46236e-05
3 0 0 1   52.0398  0  2.69475  0.0202241  48.6967  2.81658  -9.86738e-05
0 1 0 1   435.272  0  0.028225  -9.24698e-06  -2.81054  0.0313134  -1.50782e-06
1 1 0 1   111.085  0  0.106302  -9.99854e-05  -1.75306  0.111514  -4.84e-06
2 1 0 1   343.19  0  0.555431  -0.000232812  4.22549  0.471957  -2.5458e-05
3 1 0 1   55.9597  0  2.48541  0.0230054  58.3418  2.73523  -8.94884e-05
0 0 1 1   776.233  0  0.0236923  4.16216e-06  -4.80271  0.0347434  -2.1039e-06
1 0 1 1   206.199  0  0.0858596  8.88816e-05  -2.40562  0.116879  -4.97449e-06
2 0 1 1   332.949  0  0.572261  -0.000247917  5.71248  0.481435  -2.66574e-05
3 0 1 1   51.7925  0  2.58505  0.0250947  58.1445  2.76683  -9.08465e-05
0 1 1 1   425.041  0  0.0297289  -1.15578e-05  -2.73979  0.0318984  -1.49656e-06
1 1 1 1   114.49  0  0.109817  -0.000169445  -2.60975  0.113762  -4.80066e-06
2 1 1 1   336.455  0  0.570096  -0.000252749  5.78068  0.476682  -2.61711e-05
3 1 1 1   53.5549  0  2.46705  0.024679  58.4008  2.70275  -8.40758e-05
0 0 2 1   783.992  0  0.0234432  4.11377e-06  -4.63617  0.0341721  -2.02828e-06
1 0 2 1   194.098  0  0.0999224  5.16304e-05  -0.875236  0.115448  -5.12474e-06
2 0 2 1   345.576  0  0.546919  -0.000217238  4.07265  0.468892  -2.55543e-05
3 0 2 1   52.6794  0  2.71308  0.0199436  54.0559  2.74227  -8.93841e-05
0 1 2 1   421.628  0  0.0304641  -1.31386e-05  -2.65695  0.0318524  -1.48533e-06
1 1 2 1   126.681  0  0.436463  -0.00208343  7.46217  0.114271  -5.09167e-06
2 1 2 1   330.819  0  0.585254  -0.000276325  7.74071  0.479185  -2.64285e-05
3 1 2 1   68.5649  0  9.12519  -0.0569397  171.575  2.72469  -8.66897e-05
0 0 3 1   766.082  0  0.0244846  3.67888e-06  -4.47851  0.034744  -2.08215e-06
1 0 3 1   206.02  0  0.0880067  7.76674e-05  -2.4045  0.11671  -5.00249e-06
2 0 3 1   335.982  0  0.565858  -0.000239286  5.97537  0.47647  -2.61693e-05
3 0 3 1   50.5176  0  2.48458  0.0329372  71.7372  2.73225  -7.54661e-05
0 1 3 1   439.989  0  0.0278548  -8.71898e-06  -2.91019  0.0312546  -1.41316e-06
1 1 3 1   116.058  0  0.1048  -0.000120104  -2.42388  0.112283  -4.62285e-06
2 1 3 1   342.239  0  0.560515  -0.000244412  5.8551  0.468182  -2.46113e-05
3 1 3 1   51.7473  0  2.72337  0.0211612  53.9104  2.78153  -9.53833e-05
0 0 4 1   787.278  0  0.0232247  4.22821e-06  -4.90114  0.0344342  -2.10254e-06
1 0 4 1   215.421  0  0.0813312  8.80374e-05  -2.80457  0.114416  -5.10788e-06
2 0 4 1   328.407  0  0.581149  -0.000255601  7.14669  0.484122  -2.64175e-05
3 0 4 1   50.4907  0  2.63342  0.0276241  63.9689  2.76597  -9.3673e-05
0 1 4 1   447.438  0  0.0328013  -2.08952e-05  -3.02068  0.0308733  -1.49807e-06
1 1 4 1   118.329  0  0.135443  -0.000407972  -2.82834  0.11166  -4.98963e-06
2 1 4 1   339.168  0  0.566594  -0.00025299  5.53997  0.473434  -2.64774e-05
3 1 4 1   52.325  0  2.54286  0.025587  60.1897  2.73619  -9.16993e-05
0 0 5 1   788.886  0  0.0235254  3.77247e-06  -4.58108  0.0338977  -2.01461e-06
1 0 5 1   212.846  0  0.0849609  7.19663e-05  -2.58932  0.113475  -4.84468e-06
2 0 5 1   343.593  0  0.54801  -0.000212456  5.42466  0.467859  -2.51348e-05
3 0 5 1   53.157  0  2.70112  0.0182578  48.992  2.75534  -0.000100457
0 1 5 1   441.6  0  0.0277663  -8.85803e-06  -3.01441  0.0313231  -1.45451e-06
1 1 5 1   120.498  0  0.103305  -0.000150123  -3.08125  0.111346  -4.64715e-06
2 1 5 1   342.653  0  0.557661  -0.000238341  5.03795  0.470066  -2.56135e-05
3 1 5 1   53.6016  0  2.52639  0.0228573  56.7882  2.69679  -8.70649e-05
0 0 6 1   777.073  0  0.0241092  3.62313e-06  -4.49089  0.0342947  -2.04727e-06
1 0 6 1   127.968  0  0.376847  -0.00163686  6.79225  0.114929  -4.87703e-06
2 0 6 1   334.408  0  0.57066  -0.000245989  7.20859  0.475742  -2.66108e-05
3 0 6 1   20.1743  0  -4.50694  0.822067  188.631  2.72937  -8.65755e-05
0 1 6 1   435.367  0  0.0290743  -1.14024e-05  -2.82128  0.0312394  -1.49093e-06
1 1 6 1   115.501  0  0.112489  -0.000199638  -2.57047  0.112236  -4.76332e-06
2 1 6 1   340.309  0  0.566598  -0.000254638  6.52846  0.46915  -2.46572e-05
3 1 6 1   51.3323  0  2.64546  0.0251721  60.6978  2.7596  -8.64731e-05
0 0 7 1   765.822  0  0.0237259  4.68857e-06  -4.79156  0.0351288  -2.03109e-06
1 0 7 1   209.848  0  0.078884  0.000110882  -2.70315  0.11607  -4.93972e-06
2 0 7 1   331.334  0  0.57441  -0.000247752  6.15356  0.482177  -2.54366e-05
3 0 7 1   52.4446  0  2.58217  0.023322  53.8755  2.78276  -9.08109e-05
0 1 7 1   430.658  0  0.0350022  -2.44438e-05  -2.76508  0.0315537  -1.52764e-06
1 1 7 1   118.675  0  0.134078  -0.000387732  -2.65723  0.111043  -4.95831e-06
2 1 7 1   333.125  0  0.582989  -0.000277837  8.55113  0.473182  -2.52658e-05
3 1 7 1   52.5291  0  2.47772  0.0270777  63.1071  2.70273  -7.66193e-05
0 0 8 1   775.583  0  0.0244197  3.26643e-06  -5.02665  0.0350073  -2.02823e-06
1 0 8 1   211.5  0  0.0847476  7.98223e-05  -2.85653  0.116137  -4.73284e-06
2 0 8 1   320.091  0  0.601987  -0.000286289  9.68916  0.488322  -2.57539e-05
3 0 8 1   51.7898  0  2.52964  0.0269293  59.5903  2.77809  -8.50847e-05
0 1 8 1   430.75  0  0.0343968  -2.30167e-05  -2.83627  0.0316805  -1.42454e-06
1 1 8 1   118.183  0  0.133223  -0.000372724  -2.78289  0.113286  -4.78589e-06
2 1 8 1   328.493  0  0.586413  -0.000270036  8.18421  0.481332  -2.59933e-05
3 1 8 1   52.8516  0  2.36678  0.0289835  61.3682  2.74155  -7.72886e-05
0 0 9 1   758.206  0  0.0247259  3.75574e-06  -4.56139  0.0351327  -2.0353e-06
1 0 9 1   204.656  0  0.0893148  7.5286e-05  -2.37479  0.117367  -5.08439e-06
2 0 9 1   331.193  0  0.576405  -0.000254803  5.81638  0.483261  -2.65897e-05
3 0 9 1   52.7078  0  2.39905  0.0278193  59.3142  2.74436  -8.2712e-05
0 1 9 1   421.805  0  0.0299073  -1.16355e-05  -2.73852  0.0321133  -1.47339e-06
1 1 9 1   115.311  0  0.114105  -0.000209863  -2.66824  0.113595  -4.76659e-06
2 1 9 1   336.37  0  0.564984  -0.000235203  7.45938  0.472043  -2.48227e-05
3 1 9 1   51.741  0  2.58939  0.0252425  59.8187  2.74412  -9.22481e-05
0 0 0 2   388.789  0  0.0305054  -7.59599e-06  -2.38283  0.0343951  -1.83661e-06
1 0 0 2   108.411  0  0.109755  -0.000161018  -2.88199  0.119419  -4.93941e-06
2 0 0 2   310.623  0  0.693578  -0.00054775  14.2597  0.485925  -2.70339e-05
3 0 0 2   52.3486  0  1.35648  0.0747621  127.2  2.84593  -0.000107214
0 1 0 2   730.905  0  0.0258687  3.73725e-06  -3.5133  0.0348663  -1.99647e-06
1 1 0 2   185.261  0  0.114766  -1.75669e-05  -1.14828  0.118699  -5.34073e-06
2 1 0 2   332.023  0  0.595781  -0.000314296  4.33168  0.487298  -2.68575e-05
3 1 0 2   49.9158  0  2.5331  0.0384646  78.5991  2.88386  -0.000108187
0 0 1 2   408.317  0  0.0293284  -7.59473e-06  -2.32765  0.0326942  -1.87675e-06
1 0 1 2   105.786  0  0.111835  -0.000166171  -2.39577  0.117502  -5.65075e-06
2 0 1 2   311.868  0  0.683262  -0.000520956  16.2539  0.476924  -2.64519e-05
3 0 1 2   51.9387  0  -0.0426658  0.120995  180.318  2.77493  -9.693e-05
0 1 1 2   768.549  0  0.0229265  5.55078e-06  -4.58068  0.0348005  -2.1441e-06
1 1 1 2   193.206  0  0.102765  1.84305e-05  -1.82328  0.116795  -5.34561e-06
2 1 1 2   318.325  0  0.66003  -0.000465757  11.9691  0.482699  -2.68033e-05
3 1 1 2   52.699  0  1.06082  0.0701479  103.832  2.79288  -0.000106811
0 0 2 2   387.263  0  0.0303906  -7.52244e-06  -2.24918  0.0339737  -1.77769e-06
1 0 2 2   108.715  0  0.0992847  -1.48026e-05  -2.65701  0.122776  -6.07587e-06
2 0 2 2   324.854  0  0.504298  -1.5219e-05  6.11754  0.489053  -2.62607e-05
3 0 2 2   53.1609  0  -1.18082  0.150714  214.541  2.801  -0.000102221
0 1 2 2   840.762  0  0.0185036  7.58813e-06  -6.70659  0.0346792  -2.16344e-06
1 1 2 2   202.738  0  0.0222642  0.000529814  3.31016  0.114405  -5.1984e-06
2 1 2 2   411.261  0  0.240704  0.000388667  -32.0063  0.4902  -2.87594e-05
3 1 2 2   37.4006  0  -2.25322  0.325203  269.945  2.69514  -8.6447e-05
0 0 3 2   376.505  0  0.0320491  -9.84497e-06  -1.91293  0.0340906  -1.77262e-06
1 0 3 2   103.92  0  0.114533  -0.000162944  -2.32615  0.120545  -5.40064e-06
2 0 3 2   313.076  0  0.630573  -0.000358732  13.7492  0.482278  -2.53352e-05
3 0 3 2   55.8005  0  1.11239  0.0668579  113.302  2.81807  -9.78263e-05
0 1 3 2   741.078  0  0.0268121  1.87233e-06  -3.4972  0.0344653  -2.08693e-06
1 1 3 2   200.131  0  0.0995036  2.17281e-05  -2.92672  0.11965  -5.86496e-06
2 1 3 2   307.411  0  0.687179  -0.000519414  16.2215  0.483065  -2.70884e-05
3 1 3 2   53.926  0  -1.97893  0.164653  225.94  2.71479  -8.24705e-05
0 0 4 2   393.549  0  0.0294515  -5.71029e-06  -2.51795  0.0343696  -1.94974e-06
1 0 4 2   104.232  0  0.102789  -2.14662e-05  -2.21957  0.122446  -5.75042e-06
2 0 4 2   311.396  0  0.689262  -0.000536229  15.2779  0.481408  -2.62972e-05
3 0 4 2   53.2017  0  0.466034  0.100292  156.938  2.85775  -0.00011076
0 1 4 2   731.631  0  0.0256071  4.05542e-06  -3.78038  0.035265  -2.08268e-06
1 1 4 2   188.198  0  0.111082  -6.2682e-06  -1.69363  0.119916  -5.3914e-06
2 1 4 2   321.634  0  0.651083  -0.000446908  9.59738  0.48596  -2.62951e-05
3 1 4 2   46.2173  0  3.62068  0.0385208  117.579  2.86185  -0.000105841
0 0 5 2   406.053  0  0.0282422  -4.53414e-06  -2.49325  0.0333177  -1.91207e-06
1 0 5 2   105.117  0  0.107749  -0.00010798  -2.17467  0.117663  -5.49025e-06
2 0 5 2   305.307  0  0.7182  -0.000608895  17.3481  0.483803  -2.72674e-05
3 0 5 2   49.1484  0  0.571371  0.118597  174.642  2.85227  -0.000109886
0 1 5 2   749.027  0  0.024847  4.0675e-06  -3.97296  0.0348319  -2.18161e-06
1 1 5 2   203.501  0  0.0986975  5.35403e-06  -3.40019  0.117612  -5.48627e-06
2 1 5 2   323.223  0  0.656062  -0.000473232  10.5529  0.47911  -2.67818e-05
3 1 5 2   56.3025  0  1.58142  0.0521399  96.7776  2.80405  -0.000104922
0 0 6 2   403.135  0  0.0272642  -1.54267e-06  -2.64603  0.0339489  -1.84291e-06
1 0 6 2   99.292  0  0.106226  1.96232e-05  -1.24392  0.121238  -5.39661e-06
2 0 6 2   324.552  0  0.62553  -0.000377246  7.14191  0.490138  -2.78815e-05
3 0 6 2   45.3545  0  3.42147  0.0218731  70.8507  2.85593  -0.000100653
0 1 6 2   727.801  0  0.0267549  2.6734e-06  -3.60634  0.0351434  -2.04417e-06
1 1 6 2   204.905  0  0.0874437  7.27839e-05  -3.61876  0.121163  -5.58905e-06
2 1 6 2   302.48  0  0.70358  -0.000553872  18.2336  0.483667  -2.61258e-05
3 1 6 2   54.0867  0  -1.41747  0.149081  206.197  2.83895  -0.000101369
0 0 7 2   374.334  0  0.0311416  -6.42241e-06  -2.18034  0.0352549  -1.85091e-06
1 0 7 2   93.3342  0  0.119639  -3.4312e-05  -0.798231  0.125463  -5.07236e-06
2 0 7 2   307.418  0  0.701722  -0.000560173  13.5435  0.494003  -2.77918e-05
3 0 7 2   53.2273  0  0.0660028  0.104554  146.379  2.88665  -0.000104874
0 1 7 2   743.66  0  0.0261259  2.63491e-06  -3.45011  0.0341184  -1.87414e-06
1 1 7 2   195.962  0  0.0938878  6.50028e-05  -2.48374  0.120466  -5.9479e-06
2 1 7 2   301.319  0  0.678106  -0.000468249  18.039  0.48525  -2.68929e-05
3 1 7 2   55.8076  0  0.81866  0.0914836  175.221  2.78975  -9.57577e-05
0 0 8 2   375.593  0  0.0298497  -2.83612e-06  -2.08794  0.0351086  -2.03695e-06
1 0 8 2   97.8735  0  0.0853451  0.000370722  -0.0403138  0.122605  -5.76372e-06
2 0 8 2   297.759  0  0.745897  -0.000666584  18.4163  0.493673  -2.72282e-05
3 0 8 2   51.054  0  3.29471  0.00435795  30.1377  2.9325  -0.000109949
0 1 8 2   731.068  0  0.0266201  2.4996e-06  -2.9571  0.0339053  -1.93266e-06
1 1 8 2   191.497  0  0.0926296  7.85966e-05  -1.79712  0.118126  -5.53759e-06
2 1 8 2   304.955  0  0.688985  -0.000515705  18.5792  0.478542  -2.54082e-05
3 1 8 2   55.1567  0  0.780852  0.0815517  136.674  2.80624  -9.39259e-05
0 0 9 2   384.259  0  0.0278331  4.15741e-07  -2.42764  0.0351064  -2.07086e-06
1 0 9 2   102.828  0  0.0948302  0.000100709  -1.89377  0.124175  -5.56078e-06
2 0 9 2   297.94  0  0.729993  -0.00061662  18.3745  0.492726  -2.72569e-05
3 0 9 2   49.3892  0  0.620644  0.111669  164.367  2.81225  -8.89259e-05
0 1 9 2   714.256  0  0.0268706  3.25567e-06  -3.09577  0.0349269  -1.95541e-06
1 1 9 2   185.181  0  0.102135  4.5942e-05  -1.59977  0.120248  -5.21897e-06
2 1 9 2   292.976  0  0.768231  -0.000727345  20.2286  0.493781  -2.62489e-05
3 1 9 2   51.3958  0  2.4452  0.0367542  74.6568  2.88701  -0.000104691
0 0 0 3   783.615  0  0.0239468  3.47349e-06  -4.73995  0.034339  -2.06931e-06
1 0 0 3   208.118  0  0.0892349  6.44699e-05  -2.52819  0.115827  -4.93406e-06
2 0 0 3   331.084  0  0.577992  -0.000256529  7.04118  0.480143  -2.52222e-05
3 0 0 3   51.7305  0  2.68578  0.0217998  52.3353  2.80671  -9.49509e-05
0 1 0 3   438.993  0  0.0278712  -8.7026e-06  -2.93697  0.0314155  -1.53618e-06
1 1 0 3   117.071  0  0.100169  -8.69853e-05  -2.48515  0.111774  -4.78565e-06
2 1 0 3   344.619  0  0.553916  -0.000232207  5.74489  0.4661  -2.57595e-05
3 1 0 3   52.979  0  2.68606  0.0192825  51.6892  2.73705  -9.58446e-05
0 0 1 3   801.952  0  0.0232602  3.49171e-06  -4.90707  0.0337876  -2.00543e-06
1 0 1 3   218.106  0  0.08351  6.40959e-05  -3.13386  0.112931  -4.91771e-06
2 0 1 3   337.274  0  0.56366  -0.000239133  5.33938  0.475967  -2.60657e-05
3 0 1 3   53.22  0  2.62156  0.0190752  44.7095  2.80195  -9.96107e-05
0 1 1 3   438.841  0  0.027242  -7.12431e-06  -2.94001  0.0315092  -1.58176e-06
1 1 1 3   115.505  0  0.101712  -8.50017e-05  -2.34841  0.112812  -5.0714e-06
2 1 1 3   344.513  0  0.557792  -0.000245146  6.04797  0.46477  -2.60916e-05
3 1 1 3   54.196  0  2.60976  0.0181858  48.1692  2.71176  -9.57188e-05
0 0 2 3   776.458  0  0.0239121  3.8632e-06  -4.93619  0.0348493  -2.03519e-06
1 0 2 3   208.835  0  0.0862225  7.66972e-05  -2.89308  0.117166  -5.13593e-06
2 0 2 3   336.192  0  0.563268  -0.000231838  6.71293  0.473638  -2.46278e-05
3 0 2 3   52.0991  0  2.61091  0.0217638  47.2287  2.84368  -0.000103824
0 1 2 3   441.757  0  0.025837  -3.97197e-06  -2.94657  0.0314951  -1.68119e-06
1 1 2 3   120.958  0  0.0903696  -1.99442e-05  -2.6637  0.110561  -4.81445e-06
2 1 2 3   346.021  0  0.551326  -0.000228304  5.55209  0.465197  -2.57611e-05
3 1 2 3   52.7849  0  2.68249  0.0194871  50.9338  2.75145  -9.9707e-05
0 0 3 3   797.348  0  0.0236905  3.16448e-06  -5.14395  0.0342825  -2.02867e-06
1 0 3 3   211.92  0  0.0889877  5.40008e-05  -3.07614  0.116032  -5.12125e-06
2 0 3 3   335.941  0  0.5673  -0.000244075  6.06349  0.475799  -2.54277e-05
3 0 3 3   53.0586  0  2.50938  0.0233676  52.0862  2.77227  -8.87718e-05
0 1 3 3   450.822  0  0.0267663  -7.44251e-06  -3.00888  0.0307702  -1.51926e-06
1 1 3 3   121.126  0  0.0985762  -0.000108472  -2.86879  0.109693  -4.7183e-06
2 1 3 3   346.728  0  0.552156  -0.00023535  5.33837  0.464135  -2.58929e-05
3 1 3 3   54.6201  0  2.65576  0.0164188  47.0907  2.69554  -9.38774e-05
0 0 4 3   771.407  0  0.0239811  4.04047e-06  -4.86001  0.0349838  -2.05547e-06
1 0 4 3   212.168  0  0.0843813  7.55985e-05  -3.19709  0.116532  -4.91112e-06
2 0 4 3   326.88  0  0.587296  -0.000267813  8.29647  0.482352  -2.44116e-05
3 0 4 3   52.1948  0  2.58722  0.023432  52.594  2.8072  -8.80364e-05
0 1 4 3   442.701  0  0.0258856  -4.37176e-06  -3.15937  0.0317793  -1.56434e-06
1 1 4 3   120.395  0  0.0919902  -3.0424e-05  -2.70498  0.111351  -4.61941e-06
2 1 4 3   346.725  0  0.549094  -0.000226403  4.40544  0.466537  -2.49436e-05
3 1 4 3   53.1687  0  2.68566  0.0188913  50.5398  2.74442  -9.21529e-05
0 0 5 3   773.326  0  0.0237144  4.26429e-06  -4.78891  0.0348114  -2.07771e-06
1 0 5 3   208.752  0  0.0847112  8.56125e-05  -2.57817  0.115983  -5.0268e-06
2 0 5 3   334.416  0  0.569766  -0.000244158  6.25558  0.477755  -2.49536e-05
3 0 5 3   52.6152  0  2.58598  0.0220608  50.3408  2.79479  -9.20789e-05
0 1 5 3   433.622  0  0.0287017  -1.00858e-05  -2.81185  0.0314594  -1.49111e-06
1 1 5 3   118.443  0  0.103579  -0.000136015  -2.79475  0.111622  -4.70383e-06
2 1 5 3   343.861  0  0.557978  -0.000243249  4.75701  0.469463  -2.60649e-05
3 1 5 3   54.0029  0  2.64185  0.0179372  47.9725  2.72754  -9.93278e-05
0 0 6 3   762.686  0  0.0250586  3.08471e-06  -4.66175  0.035106  -2.07489e-06
1 0 6 3   206.133  0  0.0902047  6.61683e-05  -2.32598  0.1162  -5.19818e-06
2 0 6 3   326.481  0  0.586374  -0.000265477  7.3836  0.485839  -2.68112e-05
3 0 6 3   50.7219  0  2.60814  0.027619  62.202  2.78733  -9.1522e-05
0 1 6 3   431.002  0  0.0293182  -1.11678e-05  -2.72913  0.0314913  -1.51823e-06
1 1 6 3   115.434  0  0.108859  -0.000146889  -2.43806  0.113606  -5.04161e-06
2 1 6 3   344.465  0  0.556421  -0.000239739  6.01427  0.465475  -2.64033e-05
3 1 6 3   54.3669  0  2.48703  0.0213617  50.5384  2.72441  -0.000102733
0 0 7 3   756.209  0  0.024795  3.75771e-06  -4.45317  0.0350954  -2.0761e-06
1 0 7 3   203.454  0  0.0910129  7.07193e-05  -2.10091  0.116788  -5.2152e-06
2 0 7 3   325.752  0  0.589157  -0.000270354  7.77668  0.485914  -2.67022e-05
3 0 7 3   51.6111  0  2.68728  0.0219499  52.6626  2.80462  -9.40562e-05
0 1 7 3   438.144  0  0.0280531  -9.17052e-06  -2.98954  0.0315492  -1.57682e-06
1 1 7 3   118.37  0  0.105306  -0.000141343  -2.59141  0.11103  -4.74698e-06
2 1 7 3   338.554  0  0.575505  -0.00027601  7.27611  0.469318  -2.58414e-05
3 1 7 3   53.7122  0  2.47697  0.0238945  57.2218  2.69981  -8.85755e-05
0 0 8 3   761.185  0  0.0247508  3.57388e-06  -4.5155  0.0349886  -2.08257e-06
1 0 8 3   198.778  0  0.0952297  6.60612e-05  -1.55153  0.117177  -5.08483e-06
2 0 8 3   329.253  0  0.578459  -0.000250772  6.72045  0.484066  -2.60764e-05
3 0 8 3   51.9255  0  2.58704  0.0240872  54.451  2.79391  -9.1865e-05
0 1 8 3   424.608  0  0.0302676  -1.29816e-05  -2.85896  0.0320861  -1.40692e-06
1 1 8 3   112.863  0  0.112734  -0.000184585  -2.5895  0.115375  -4.69978e-06
2 1 8 3   334.519  0  0.577744  -0.000267576  7.04058  0.475779  -2.56811e-05
3 1 8 3   53.2424  0  2.46705  0.0255156  58.2654  2.73576  -8.51713e-05
0 0 9 3   769.004  0  0.0239535  4.21287e-06  -4.49378  0.034631  -2.07296e-06
1 0 9 3   205.978  0  0.0871877  8.29433e-05  -2.15289  0.115745  -4.955e-06
2 0 9 3   327.412  0  0.586667  -0.000269233  7.68399  0.483916  -2.7087e-05
3 0 9 3   52.1897  0  2.53582  0.0254628  57.5956  2.76582  -8.99194e-05
0 1 9 3   437.604  0  0.0275958  -7.80422e-06  -3.0167  0.0317527  -1.55024e-06
1 1 9 3   117.869  0  0.101833  -0.000107982  -2.82002  0.113614  -4.94709e-06
2 1 9 3   340.465  0  0.558807  -0.000231518  5.97593  0.471012  -2.52033e-05
3 1 9 3   51.6301  0  2.55279  0.0287881  68.7822  2.71135  -8.6093e-05
0 0 0 4   391.771  0  0.0303345  -8.13349e-06  -2.19577  0.0334462  -1.76984e-06
1 0 0 4   110.91  0  0.0958514  4.64943e-06  -2.64517  0.120862  -5.81839e-06
2 0 0 4   304.546  0  0.677642  -0.00047652  17.2029  0.483656  -2.50302e-05
3 0 0 4   53.6782  0  -0.279708  0.121794  183.204  2.85019  -9.69643e-05
0 1 0 4   715.687  0  0.028411  1.10807e-06  -3.57341  0.0357355  -2.14972e-06
1 1 0 4   198.909  0  0.100883  1.11707e-05  -3.51532  0.121921  -5.74503e-06
2 1 0 4   293.737  0  0.694946  -0.000489012  19.9162  0.491517  -2.72853e-05
3 1 0 4   55.6177  0  0.488908  0.0881422  143.209  2.82162  -9.59746e-05
0 0 1 4   388.465  0  0.0308836  -8.81591e-06  -2.40253  0.0343593  -1.84229e-06
1 0 1 4   108.774  0  0.102992  -6.99102e-05  -2.89811  0.122656  -5.74926e-06
2 0 1 4   309.608  0  0.6863  -0.0005227  15.027  0.483969  -2.59556e-05
3 0 1 4   54.175  0  0.0762944  0.108685  171.599  2.80225  -9.99053e-05
0 1 1 4   731.237  0  0.0273036  1.74281e-06  -3.74214  0.0352017  -2.0597e-06
1 1 1 4   217.871  0  0.0722404  0.000108397  -5.44383  0.122081  -5.68153e-06
2 1 1 4   301.713  0  0.709216  -0.000566658  19.4181  0.481391  -2.48667e-05
3 1 1 4   67.4119  0  -2.22933  0.11174  169.893  2.78867  -8.31217e-05
0 0 2 4   392.41  0  0.0301615  -7.37917e-06  -2.42137  0.0341525  -1.82488e-06
1 0 2 4   103.022  0  0.110399  -0.000101137  -2.1558  0.121492  -5.69546e-06
2 0 2 4   309.572  0  0.688163  -0.000528277  13.6266  0.488937  -2.69095e-05
3 0 2 4   51.6345  0  0.472147  0.106632  161.981  2.84599  -9.64756e-05
0 1 2 4   720.07  0  0.0268208  3.05586e-06  -3.50596  0.0353706  -2.05608e-06
1 1 2 4   198.781  0  0.0945433  4.96935e-05  -3.11291  0.121179  -5.52087e-06
2 1 2 4   307.95  0  0.697349  -0.000551999  14.9418  0.486884  -2.61167e-05
3 1 2 4   54.0505  0  -0.894366  0.131113  180.773  2.85308  -9.67991e-05
0 0 3 4   366.929  0  0.0346857  -1.49708e-05  -2.04377  0.0353265  -1.53724e-06
1 0 3 4   95.1646  0  0.127005  -0.000195516  -1.70619  0.12677  -4.65676e-06
2 0 3 4   304.965  0  0.712753  -0.00058528  16.4669  0.488255  -2.61911e-05
3 0 3 4   52.8938  0  2.05424  0.0461096  84.5133  2.90042  -9.56235e-05
0 1 3 4   728.879  0  0.0269523  2.3442e-06  -3.81172  0.0354534  -2.14424e-06
1 1 3 4   188.01  0  0.114991  -3.03559e-05  -1.9075  0.120483  -5.60335e-06
2 1 3 4   312.387  0  0.685072  -0.000522782  11.9366  0.492316  -2.8058e-05
3 1 3 4   50.2942  0  2.34008  0.0462063  93.2274  2.8148  -8.85487e-05
0 0 4 4   403.063  0  0.0280356  -3.60049e-06  -2.32447  0.0330994  -1.85588e-06
1 0 4 4   107.2  0  0.0965835  2.10672e-07  -2.44184  0.119996  -5.7095e-06
2 0 4 4   317.79  0  0.602614  -0.000292092  12.2476  0.479781  -2.68433e-05
3 0 4 4   52.1772  0  -0.766368  0.145093  210.73  2.77012  -8.977e-05
0 1 4 4   738.162  0  0.026368  2.65557e-06  -3.89913  0.0352251  -2.18742e-06
1 1 4 4   198.194  0  0.0986855  3.23283e-05  -2.8343  0.120551  -5.84189e-06
2 1 4 4   301.466  0  0.697217  -0.000529314  18.7543  0.483746  -2.75652e-05
3 1 4 4   52.3044  0  -0.533502  0.136967  201.816  2.77686  -9.32389e-05
0 0 5 4   403.346  0  0.0286281  -5.10697e-06  -2.49058  0.0334801  -1.82738e-06
1 0 5 4   103.607  0  0.110327  -0.000124945  -2.26889  0.119858  -5.56358e-06
2 0 5 4   306.051  0  0.711943  -0.000594132  16.5252  0.484333  -2.68558e-05
3 0 5 4   51.7317  0  0.915691  0.0885141  137.871  2.83517  -0.000108511
0 1 5 4   738.125  0  0.0266833  2.20801e-06  -3.70042  0.0348713  -2.09305e-06
1 1 5 4   193.789  0  0.103902  1.97108e-05  -2.3868  0.121151  -5.7437e-06
2 1 5 4   305.334  0  0.702939  -0.000562489  17.187  0.482789  -2.58272e-05
3 1 5 4   53.0254  0  -1.17721  0.150205  213.127  2.77313  -9.39704e-05
0 0 6 4   383.375  0  0.030993  -8.06156e-06  -2.31569  0.0346725  -1.90361e-06
1 0 6 4   103.069  0  0.115588  -0.000161338  -2.29211  0.121755  -5.41369e-06
2 0 6 4   302.614  0  0.707229  -0.000563368  16.5834  0.490183  -2.72188e-05
3 0 6 4   50.3857  0  0.843974  0.101697  157.246  2.85221  -9.94797e-05
0 1 6 4   729.561  0  0.0267648  2.55028e-06  -3.50799  0.0350206  -2.17513e-06
1 1 6 4   199.803  0  0.0984549  2.27239e-05  -3.1213  0.119741  -5.62532e-06
2 1 6 4   320.368  0  0.568389  -0.000198448  8.90265  0.485698  -2.70753e-05
3 1 6 4   53.7822  0  -1.06813  0.142593  206.714  2.76197  -8.61064e-05
0 0 7 4   389.916  0  0.0303795  -7.49267e-06  -2.29533  0.0340061  -1.69625e-06
1 0 7 4   102.839  0  0.115904  -0.000188858  -2.59617  0.122234  -4.93734e-06
2 0 7 4   311.943  0  0.682258  -0.000520545  14.7179  0.480896  -2.62858e-05
3 0 7 4   56.7639  0  -1.46917  0.135231  195.073  2.77579  -9.33203e-05
0 1 7 4   753.72  0  0.0239257  5.02014e-06  -4.61121  0.0353981  -2.08391e-06
1 1 7 4   184.677  0  0.119744  -4.43793e-05  -1.2287  0.119138  -5.0674e-06
2 1 7 4   318.733  0  0.675543  -0.000514502  11.3777  0.484261  -2.63661e-05
3 1 7 4   49.5938  0  2.87925  0.027987  70.1924  2.85703  -0.000103862
0 0 8 4   373.193  0  0.0336476  -1.33808e-05  -2.02494  0.0346842  -1.61915e-06
1 0 8 4   101.651  0  0.125071  -0.000252826  -2.29952  0.122514  -5.12256e-06
2 0 8 4   312.378  0  0.672723  -0.000488384  12.5355  0.488421  -2.68491e-05
3 0 8 4   51.2395  0  -0.506832  0.141699  201.334  2.82923  -9.29693e-05
0 1 8 4   734.449  0  0.0259004  3.49453e-06  -3.87906  0.0352199  -2.0033e-06
1 1 8 4   191.276  0  0.111495  -2.07041e-05  -2.01459  0.119027  -5.0165e-06
2 1 8 4   316.624  0  0.688699  -0.000548842  13.1494  0.48158  -2.58596e-05
3 1 8 4   48.6982  0  2.98556  0.0286005  73.5533  2.87378  -0.000119313
0 0 9 4   383.292  0  0.0292951  -3.69957e-06  -2.03176  0.0338899  -1.85745e-06
1 0 9 4   108.045  0  0.0913841  7.73971e-05  -2.27994  0.121491  -5.95071e-06
2 0 9 4   306.083  0  0.640798  -0.000366003  17.0152  0.481323  -2.66034e-05
3 0 9 4   61.7981  0  -2.66164  0.142705  213.625  2.70541  -8.07656e-05
0 1 9 4   717.298  0  0.0277519  1.94972e-06  -3.30851  0.0352038  -2.00879e-06
1 1 9 4   190.733  0  0.11225  -2.658e-05  -2.2357  0.119926  -5.36704e-06
2 1 9 4   315.847  0  0.670247  -0.000491157  12.4163  0.483842  -2.54463e-05
3 1 9 4   52.9231  0  1.73699  0.0572851  101.615  2.85417  -0.00010426
0 0 0 5   771.88  0  0.0241368  3.79216e-06  -4.65662  0.0346714  -2.04005e-06
1 0 0 5   208.688  0  0.0844234  8.66766e-05  -2.57784  0.115859  -4.76579e-06
2 0 0 5   336.678  0  0.566562  -0.000242748  5.97585  0.475769  -2.57959e-05
3 0 0 5   50.7021  0  2.59038  0.0294814  68.5696  2.73684  -8.07534e-05
0 1 0 5   455.5  0  0.0305336  -1.60008e-05  -3.16994  0.0309398  -1.61427e-06
1 1 0 5   125.566  0  0.115614  -0.000246811  -3.04213  0.109461  -4.86397e-06
2 1 0 5   353.368  0  0.541725  -0.000227244  4.29654  0.458472  -2.60551e-05
3 1 0 5   55.2949  0  2.68352  0.0147534  46.7362  2.65913  -9.10046e-05
0 0 1 5   750.939  0  0.0248186  4.05117e-06  -4.20948  0.0349773  -2.01195e-06
1 0 1 5   187.47  0  0.0866036  0.00013194  -0.706065  0.116053  -5.05663e-06
2 0 1 5   322.354  0  0.59412  -0.000273141  7.17995  0.492518  -2.70488e-05
3 0 1 5   50.0305  0  2.59371  0.0293406  61.659  2.83397  -9.50527e-05
0 1 1 5   433.482  0  0.0289635  -1.08046e-05  -2.74258  0.0312692  -1.52817e-06
1 1 1 5   106.855  0  0.138095  -0.00016717  1.08731  0.110433  -3.52303e-06
2 1 1 5   343.354  0  0.560818  -0.000248365  6.53418  0.465186  -2.52673e-05
3 1 1 5   122  0  0.883596  0.0269194  182.053  2.68436  -7.24546e-05
0 0 2 5   781.34  0  0.023927  3.61813e-06  -4.87226  0.034587  -2.04424e-06
1 0 2 5   209.481  0  0.0844781  8.43597e-05  -2.7343  0.116227  -4.88782e-06
2 0 2 5   330.677  0  0.575912  -0.00024922  6.98958  0.480489  -2.45707e-05
3 0 2 5   52.5281  0  2.54239  0.0236744  52.7122  2.78716  -8.95008e-05
0 1 2 5   437.626  0  0.0270365  -6.74505e-06  -2.69792  0.0309027  -1.49234e-06
1 1 2 5   115.187  0  0.103193  -4.23543e-05  -1.54008  0.112256  -4.95715e-06
2 1 2 5   342.478  0  0.562052  -0.000248852  6.55871  0.46662  -2.61172e-05
3 1 2 5   49.5083  0  1.07228  0.0654309  77.5257  2.7508  -0.000102228
0 0 3 5   753.432  0  0.025121  3.4795e-06  -4.32612  0.0350013  -2.01313e-06
1 0 3 5   202.063  0  0.0885103  8.76736e-05  -2.13455  0.117777  -4.8879e-06
2 0 3 5   331.243  0  0.576669  -0.000254678  6.82133  0.480154  -2.54745e-05
3 0 3 5   52.1392  0  2.61791  0.0219071  49.947  2.807  -9.27556e-05
0 1 3 5   453.223  0  0.0260576  -5.9559e-06  -2.87801  0.0304105  -1.54941e-06
1 1 3 5   113.215  0  0.12155  -0.000238035  -1.77483  0.110862  -5.16164e-06
2 1 3 5   353.308  0  0.539421  -0.00021892  4.94092  0.456941  -2.50498e-05
3 1 3 5   150  0  2.6366  0.00442777  91.7879  2.70339  -9.69294e-05
0 0 4 5   764.451  0  0.0244916  3.74333e-06  -4.44595  0.0347599  -2.08103e-06
1 0 4 5   209.799  0  0.0849193  8.16101e-05  -2.41768  0.114637  -5.10837e-06
2 0 4 5   334.471  0  0.568169  -0.000241181  5.13367  0.481165  -2.69461e-05
3 0 4 5   52.563  0  2.45099  0.0262965  55.1579  2.78841  -8.67512e-05
0 1 4 5   440.221  0  0.0295434  -1.29896e-05  -2.99697  0.0312527  -1.40775e-06
1 1 4 5   111.979  0  0.122757  -0.000263201  -2.18153  0.113314  -4.89158e-06
2 1 4 5   343.078  0  0.557675  -0.000237869  5.8975  0.467472  -2.5052e-05
3 1 4 5   45.1699  0  3.24053  0.0342103  92.4019  2.74432  -9.21739e-05
0 0 5 5   772.098  0  0.0258177  1.6215e-06  -4.71699  0.0347594  -2.04703e-06
1 0 5 5   208.618  0  0.0950626  3.7995e-05  -2.78541  0.117486  -5.49188e-06
2 0 5 5   325.963  0  0.584241  -0.000255553  7.20832  0.487074  -2.53023e-05
3 0 5 5   49.6836  0  2.62731  0.029936  64.3977  2.82262  -8.32612e-05
0 1 5 5   442.46  0  0.0282845  -1.02116e-05  -3.0739  0.031383  -1.51297e-06
1 1 5 5   118.888  0  0.105125  -0.000144584  -2.74166  0.111553  -4.67734e-06
2 1 5 5   348.353  0  0.550926  -0.000235746  5.48114  0.461899  -2.53496e-05
3 1 5 5   54.2454  0  2.58859  0.0179201  43.7359  2.75997  -0.000102369
0 0 6 5   780.388  0  0.0243161  3.18013e-06  -4.6377  0.0344098  -2.13898e-06
1 0 6 5   207.195  0  0.0867552  8.15476e-05  -2.19612  0.115314  -5.1312e-06
2 0 6 5   328.651  0  0.582407  -0.000259426  7.60922  0.482307  -2.52952e-05
3 0 6 5   49.1345  0  2.7319  0.0302675  71.7278  2.76348  -8.60305e-05
0 1 6 5   443.019  0  0.0321801  -1.88027e-05  -3.03097  0.0313494  -1.48458e-06
1 1 6 5   122.537  0  0.122128  -0.000295233  -3.10708  0.111889  -4.75356e-06
2 1 6 5   348.21  0  0.547935  -0.00022614  4.57867  0.465233  -2.63966e-05
3 1 6 5   53.2129  0  2.76027  0.0161257  45.4272  2.7702  -0.000103623
0 0 7 5   758.429  0  0.0247525  3.71884e-06  -4.58874  0.0351254  -1.98045e-06
1 0 7 5   206.179  0  0.0850666  9.14587e-05  -2.42936  0.116784  -5.2259e-06
2 0 7 5   328.01  0  0.582721  -0.000260104  7.0205  0.484486  -2.58696e-05
3 0 7 5   51.678  0  2.53335  0.0268878  59.8763  2.76886  -8.99964e-05
0 1 7 5   453.254  0  0.0330351  -2.1986e-05  -3.17342  0.0307432  -1.4826e-06
1 1 7 5   117.952  0  0.132562  -0.000382656  -3.01642  0.113589  -4.99645e-06
2 1 7 5   342.448  0  0.563967  -0.000254564  6.67955  0.465862  -2.50416e-05
3 1 7 5   53.4141  0  2.54602  0.0216373  50.7058  2.7579  -0.000101819
0 0 8 5   759.8  0  0.0249947  3.3137e-06  -4.50211  0.0350281  -2.09297e-06
1 0 8 5   204.159  0  0.0863746  9.16981e-05  -2.31378  0.117422  -4.86361e-06
2 0 8 5   330.36  0  0.575311  -0.000247442  5.50297  0.485679  -2.65481e-05
3 0 8 5   52.5044  0  2.54021  0.0239001  52.9381  2.79146  -8.84728e-05
0 1 8 5   457.81  0  0.0303872  -1.59903e-05  -3.29292  0.0309312  -1.46732e-06
1 1 8 5   123.47  0  0.116645  -0.000247567  -3.15877  0.112274  -4.96189e-06
2 1 8 5   341.44  0  0.562032  -0.000245205  6.67858  0.467242  -2.48764e-05
3 1 8 5   52.0881  0  2.54181  0.0260843  60.2152  2.74915  -8.99459e-05
0 0 9 5   768.732  0  0.0244637  3.54934e-06  -4.51462  0.0346214  -2.02465e-06
1 0 9 5   185.288  0  0.0567288  0.000281224  -1.18492  0.116148  -4.94549e-06
2 0 9 5   329.637  0  0.585453  -0.000275026  7.69014  0.480059  -2.60704e-05
3 0 9 5   50.0742  0  2.81155  0.0217557  52.6528  2.85506  -0.000111894
0 1 9 5   448.847  0  0.0305569  -1.54213e-05  -3.22424  0.0315263  -1.57687e-06
1 1 9 5   123.681  0  0.1191  -0.000150678  -1.54749  0.113577  -4.85905e-06
2 1 9 5   344.737  0  0.55284  -0.00023092  5.58885  0.465847  -2.5599e-05
3 1 9 5   50.8096  0  2.75784  0.0226974  56.5661  2.80365  -0.00011536
0 0 0 6   391.54  0  0.0392454  -3.03724e-05  -2.45746  0.0343245  -1.77423e-06
1 0 0 6   105.032  0  0.15035  -0.000512315  -2.48536  0.120766  -5.35305e-06
2 0 0 6   294.962  0  0.733302  -0.000617381  18.1859  0.497472  -2.68821e-05
3 0 0 6   52.3042  0  0.926339  0.0858258  133.604  2.8661  -9.69148e-05
0 1 0 6   730.352  0  0.026683  2.6229e-06  -3.50772  0.0349685  -2.14563e-06
1 1 0 6   186.746  0  0.11097  -6.04734e-06  -1.65417  0.119694  -5.32991e-06
2 1 0 6   311.808  0  0.696691  -0.000560186  13.3438  0.487681  -2.71161e-05
3 1 0 6   51.3906  0  2.04129  0.052573  95.78  2.88499  -0.00011098
0 0 1 6   410.417  0  0.0339972  -1.90499e-05  -2.91167  0.0340437  -1.87709e-06
1 0 1 6   109.216  0  0.129021  -0.000290691  -2.29494  0.11885  -5.17065e-06
2 0 1 6   305.562  0  0.731116  -0.000646447  16.2785  0.488417  -2.65219e-05
3 0 1 6   48.5701  0  2.73865  0.0368234  80.3379  2.87837  -0.000108364
0 1 1 6   746.968  0  0.0247825  4.24768e-06  -4.16325  0.0351598  -2.18345e-06
1 1 1 6   206.569  0  0.0856927  6.85464e-05  -3.60631  0.118441  -5.47213e-06
2 1 1 6   305.55  0  0.724908  -0.000629028  17.5704  0.483469  -2.70476e-05
3 1 1 6   53.1162  0  -0.388146  0.123364  178.45  2.81013  -9.96419e-05
0 0 2 6   394.675  0  0.0387967  -2.94475e-05  -2.56954  0.0343589  -1.70736e-06
1 0 2 6   102.599  0  0.15491  -0.000518039  -2.00849  0.121905  -5.54549e-06
2 0 2 6   305.528  0  0.688309  -0.000505383  13.9834  0.496309  -2.67635e-05
3 0 2 6   51.0596  0  0.719182  0.098976  150.834  2.82322  -8.70336e-05
0 1 2 6   727.217  0  0.025972  3.7898e-06  -3.79907  0.0355085  -2.14015e-06
1 1 2 6   188.386  0  0.108581  -9.14712e-07  -2.29662  0.121629  -5.46477e-06
2 1 2 6   309.12  0  0.711942  -0.000598149  15.5058  0.484799  -2.56122e-05
3 1 2 6   51.3127  0  1.77029  0.0638253  112.606  2.85582  -9.74278e-05
0 0 3 6   421.473  0  0.0357627  -2.45047e-05  -2.71074  0.0326534  -1.86774e-06
1 0 3 6   113.579  0  0.122921  -0.000266079  -2.81885  0.118177  -5.80175e-06
2 0 3 6   307.165  0  0.698481  -0.000552333  16.928  0.481836  -2.64432e-05
3 0 3 6   52.0229  0  -0.270268  0.128389  188.017  2.8  -0.000100591
0 1 3 6   729.629  0  0.0254034  4.45743e-06  -4.23012  0.0359457  -2.04553e-06
1 1 3 6   206.67  0  0.0740293  0.000137508  -4.46295  0.125285  -6.01056e-06
2 1 3 6   305.688  0  0.706247  -0.000573016  16.5339  0.485193  -2.68191e-05
3 1 3 6   55.7837  0  -1.46206  0.14153  210.625  2.66109  -6.8825e-05
0 0 4 6   388.037  0  0.0359361  -2.11505e-05  -2.23937  0.0342375  -1.90068e-06
1 0 4 6   107.73  0  0.120579  -0.000197057  -2.36984  0.121978  -5.85346e-06
2 0 4 6   317.968  0  0.602731  -0.000291724  9.88968  0.487698  -2.77674e-05
3 0 4 6   52.0952  0  -0.232969  0.12578  180.764  2.85533  -0.000108711
0 1 4 6   716.585  0  0.0270113  3.01793e-06  -2.92792  0.0347632  -2.09793e-06
1 1 4 6   195.066  0  0.0961801  5.27907e-05  -2.30617  0.119395  -5.61295e-06
2 1 4 6   321.906  0  0.662292  -0.000489361  12.673  0.47381  -2.61386e-05
3 1 4 6   61.4363  0  -2.37934  0.137184  203.113  2.74796  -8.61826e-05
0 0 5 6   415.8  0  0.0320126  -1.46706e-05  -2.78274  0.0333922  -1.89321e-06
1 0 5 6   124.633  0  0.0878151  -1.18427e-06  -4.09557  0.121266  -5.92013e-06
2 0 5 6   311.444  0  0.695528  -0.000555271  16.0872  0.478953  -2.57338e-05
3 0 5 6   54.5884  0  1.22781  0.0707872  123.216  2.84062  -0.000106996
0 1 5 6   695.853  0  0.0285627  2.14703e-06  -4.41648  0.03821  -2.59597e-06
1 1 5 6   202.983  0  0.0634444  0.000251397  -1.06722  0.120837  -5.44644e-06
2 1 5 6   299.754  0  0.727908  -0.000612724  17.6533  0.492929  -2.5288e-05
3 1 5 6   54.4543  0  0.365525  0.0950433  147.86  2.83067  -9.0559e-05
0 0 6 6   383.927  0  0.041407  -3.53528e-05  -2.26569  0.0344454  -1.84926e-06
1 0 6 6   103.859  0  0.152823  -0.00053288  -2.36164  0.120781  -5.42222e-06
2 0 6 6   317.698  0  0.665942  -0.000482551  11.6055  0.484613  -2.67764e-05
3 0 6 6   54.7263  0  1.22517  0.0703393  122.921  2.8342  -0.000104406
0 1 6 6   720.67  0  0.0266709  3.23965e-06  -3.52571  0.035373  -2.04684e-06
1 1 6 6   184.928  0  0.111376  1.98769e-06  -1.38537  0.120204  -5.24055e-06
2 1 6 6   307.846  0  0.718137  -0.000612214  15.3399  0.487925  -2.62664e-05
3 1 6 6   51.9209  0  3.24145  0.00392121  29.2682  2.88691  -0.00010748
0 0 7 6   375.968  0  0.0390996  -2.81494e-05  -2.05842  0.0347264  -1.95493e-06
1 0 7 6   94.6812  0  0.167692  -0.000639099  -1.28568  0.121286  -5.54278e-06
2 0 7 6   311.945  0  0.687688  -0.000528875  12.3753  0.491634  -2.75623e-05
3 0 7 6   53.2451  0  2.53475  0.0263747  56.9009  2.8761  -0.000106782
0 1 7 6   727.021  0  0.0264274  3.20607e-06  -3.11972  0.0345815  -2.10737e-06
1 1 7 6   215.045  0  0.0635567  0.000177545  -3.78732  0.120646  -6.03412e-06
2 1 7 6   318.672  0  0.664593  -0.000487805  14.7743  0.471073  -2.60208e-05
3 1 7 6   69.7375  0  -2.54201  0.111751  176.602  2.72558  -9.6653e-05
0 0 8 6   413.066  0  0.0349121  -2.15056e-05  -2.95089  0.0339792  -1.95243e-06
1 0 8 6   105.432  0  0.14318  -0.000426255  -2.31426  0.120791  -5.70023e-06
2 0 8 6   314.801  0  0.680283  -0.000517451  12.7985  0.485119  -2.66371e-05
3 0 8 6   53.1714  0  1.5304  0.065261  116.707  2.81069  -9.7766e-05
0 1 8 6   730.83  0  0.026352  3.08872e-06  -3.6017  0.035037  -2.05178e-06
1 1 8 6   198.08  0  0.100455  1.23701e-05  -2.94186  0.118819  -5.36279e-06
2 1 8 6   320.845  0  0.658354  -0.000470581  11.4542  0.479856  -2.55136e-05
3 1 8 6   54.9292  0  -1.02056  0.131487  190.111  2.74541  -8.19739e-05
0 0 9 6   389.034  0  0.0367271  -2.35426e-05  -2.2398  0.0340584  -1.88366e-06
1 0 9 6   177.081  0  0.263082  -0.000453365  10.781  0.123063  -6.46861e-06
2 0 9 6   304.376  0  0.706544  -0.000566966  16.7703  0.487454  -2.81837e-05
3 0 9 6   19.5229  0  11.0143  1.16049  604.737  2.69602  -6.65973e-05
0 1 9 6   707.146  0  0.0287182  1.20822e-06  -3.03529  0.0353755  -2.13627e-06
1 1 9 6   153.87  0  0.352821  -0.000876258  15.2049  0.120083  -5.90197e-06
2 1 9 6   347.725  0  0.379604  0.000251688  -7.51709  0.4985  -2.80677e-05
3 1 9 6   78.5322  0  27.848  -0.202848  733.402  2.58083  -2.24461e-05
0 0 0 7   782.535  0  0.0260765  8.00328e-07  -4.08328  0.0334423  -1.94433e-06
1 0 0 7   208.538  0  0.0968991  2.32247e-05  -2.49899  0.114801  -5.15727e-06
2 0 0 7   341.209  0  0.552065  -0.000217965  5.80737  0.469522  -2.59357e-05
3 0 0 7   53.9788  0  2.53161  0.0203758  48.2743  2.74264  -0.000101767
0 1 0 7   433.412  0  0.0279551  -8.31807e-06  -2.80526  0.0314129  -1.36233e-06
1 1 0 7   115.418  0  0.104503  -0.000129491  -2.64205  0.113012  -4.88156e-06
2 1 0 7   347.053  0  0.548599  -0.000225739  5.01893  0.464343  -2.46332e-05
3 1 0 7   53.9285  0  2.54222  0.0206083  49.3395  2.74431  -0.000104235
0 0 1 7   744.432  0  0.0248711  4.36137e-06  -4.13852  0.0353102  -2.19371e-06
1 0 1 7   199.534  0  0.090332  8.90592e-05  -1.69075  0.117602  -5.14278e-06
2 0 1 7   329.815  0  0.571742  -0.000232172  6.41289  0.484196  -2.56869e-05
3 0 1 7   52.6936  0  2.51653  0.024349  55.5669  2.75002  -9.45322e-05
0 1 1 7   431.928  0  0.0277915  -7.21254e-06  -3.14822  0.032684  -1.66454e-06
1 1 1 7   113.372  0  0.10528  -9.03154e-05  -2.36334  0.116422  -4.72078e-06
2 1 1 7   336.349  0  0.571606  -0.000255609  6.88001  0.473475  -2.4673e-05
3 1 1 7   53.1821  0  2.62766  0.0199333  48.8766  2.77416  -0.000102538
0 0 2 7   524.972  0  0.0200462  3.8363e-05  3.01431  0.0355907  -2.18471e-06
1 0 2 7   138.888  0  0.0403729  0.000859772  5.98844  0.117419  -5.41144e-06
2 0 2 7   332.25  0  0.57511  -0.00025374  6.57712  0.47939  -2.52212e-05
3 0 2 7   51.1187  0  2.6047  0.0260502  58.6525  2.79373  -9.29901e-05
0 1 2 7   355.957  0  -0.00847052  0.000125858  -2.82599  0.0461605  -5.31527e-06
1 1 2 7   100.469  0  -0.0771719  0.00248912  5.49384  0.118885  -6.58584e-06
2 1 2 7   340.663  0  0.561909  -0.000242866  5.44893  0.471762  -2.51957e-05
3 1 2 7   54.3394  0  2.50748  0.0209415  51.002  2.71182  -9.14709e-05
0 0 3 7   760.691  0  0.024374  4.10201e-06  -4.64637  0.0352249  -2.13288e-06
1 0 3 7   204.591  0  0.0881973  8.1993e-05  -2.29625  0.117236  -5.08518e-06
2 0 3 7   333.05  0  0.567268  -0.000231553  6.02375  0.480495  -2.53184e-05
3 0 3 7   48.5083  0  3.01009  0.0225498  62.3574  2.82314  -9.69002e-05
0 1 3 7   435.33  0  0.0277234  -7.9191e-06  -2.82753  0.0314645  -1.59268e-06
1 1 3 7   118.028  0  0.102584  -0.000106439  -2.36032  0.110595  -4.87972e-06
2 1 3 7   333.994  0  0.583586  -0.000282747  8.69711  0.471689  -2.56843e-05
3 1 3 7   52.489  0  2.54043  0.0247219  58.41  2.73035  -9.70398e-05
0 0 4 7   638.151  0  0.0420114  -1.4495e-05  0.2741  0.0335283  -1.87478e-06
1 0 4 7   168.475  0  0.158692  -0.000187463  2.13243  0.115312  -5.10253e-06
2 0 4 7   337.629  0  0.566204  -0.000246369  6.30303  0.473141  -2.60252e-05
3 0 4 7   53.8843  0  2.48768  0.0218817  50.5522  2.73334  -8.80536e-05
0 1 4 7   339.762  0  0.0476079  -4.82753e-05  -0.182553  0.0322135  -1.38462e-06
1 1 4 7   88.8347  0  0.179271  -0.000671323  0.343854  0.116176  -4.64982e-06
2 1 4 7   336.44  0  0.573787  -0.000262582  6.82471  0.473649  -2.52358e-05
3 1 4 7   51.7063  0  2.66902  0.0236411  57.7107  2.78038  -9.8352e-05
0 0 5 7   748.705  0  0.0234087  6.07622e-06  -4.26045  0.0352286  -2.11059e-06
1 0 5 7   199.06  0  0.0875947  0.000103275  -1.59747  0.11716  -4.93356e-06
2 0 5 7   331.537  0  0.572132  -0.000241562  5.63163  0.483737  -2.61763e-05
3 0 5 7   51.2791  0  2.59542  0.025437  55.1312  2.82964  -9.6557e-05
0 1 5 7   432.164  0  0.0281676  -8.51101e-06  -2.83219  0.0317405  -1.61418e-06
1 1 5 7   117.003  0  0.104206  -0.000123318  -2.41435  0.110976  -4.8228e-06
2 1 5 7   345.716  0  0.548715  -0.00022071  5.1753  0.465919  -2.45209e-05
3 1 5 7   53.7468  0  2.70196  0.016646  45.9908  2.7464  -0.000101681
0 0 6 7   779.395  0  0.0242455  3.27599e-06  -4.74694  0.034493  -2.05754e-06
1 0 6 7   211.046  0  0.0881171  6.10921e-05  -2.78653  0.115241  -4.86673e-06
2 0 6 7   325.796  0  0.581959  -0.000247678  6.85176  0.488606  -2.56924e-05
3 0 6 7   53.0405  0  2.54753  0.0221485  49.9291  2.78589  -9.28439e-05
0 1 6 7   429.619  0  0.0283127  -8.52563e-06  -2.88086  0.0320428  -1.59945e-06
1 1 6 7   114.449  0  0.105212  -0.000103887  -2.21443  0.113217  -4.76998e-06
2 1 6 7   333.97  0  0.580625  -0.000273516  7.9017  0.47394  -2.4918e-05
3 1 6 7   51.5564  0  2.65658  0.0244983  60.7071  2.74709  -9.61844e-05
0 0 7 7   685.95  0  0.0255035  7.36214e-06  -2.38646  0.0354134  -2.01301e-06
1 0 7 7   187.599  0  0.0875212  0.000146828  -0.399  0.118169  -5.20131e-06
2 0 7 7   329.75  0  0.577153  -0.000247242  7.46633  0.481091  -2.45899e-05
3 0 7 7   51.7766  0  2.38707  0.0310458  65.1631  2.7399  -7.57362e-05
0 1 7 7   378.039  0  0.0285305  0  -1.38503  0.0328295  -1.6876e-06
1 1 7 7   81.8992  0  0.148752  -0.000109498  1.91557  0.116816  -5.14499e-06
2 1 7 7   345.676  0  0.551043  -0.000226597  5.47841  0.465542  -2.51001e-05
3 1 7 7   53.7434  0  2.49536  0.0231357  56.1138  2.69944  -8.9276e-05
0 0 8 7   756.584  0  0.0255508  2.74889e-06  -4.06478  0.0344737  -1.94372e-06
1 0 8 7   202.133  0  0.093943  5.79328e-05  -2.17464  0.117457  -5.17381e-06
2 0 8 7   321.11  0  0.611088  -0.000319569  10.6893  0.48359  -2.61819e-05
3 0 8 7   52.5815  0  2.54052  0.0228832  51.5827  2.76753  -9.09554e-05
0 1 8 7   437.834  0  0.0292927  -1.20288e-05  -2.81844  0.0310789  -1.40592e-06
1 1 8 7   115.288  0  0.110556  -0.000175065  -2.47405  0.112381  -4.75389e-06
2 1 8 7   341.482  0  0.562032  -0.000245072  6.37725  0.468601  -2.61548e-05
3 1 8 7   53.4211  0  2.55943  0.0225842  57.5401  2.6935  -8.78285e-05
0 0 9 7   730.656  0  0.0267111  2.60991e-06  -3.29745  0.0346126  -2.02773e-06
1 0 9 7   200.347  0  0.0951512  5.63377e-05  -1.65945  0.115718  -4.97491e-06
2 0 9 7   326.019  0  0.584577  -0.000254683  8.16958  0.48477  -2.54074e-05
3 0 9 7   49.8284  0  2.68385  0.0278851  62.1502  2.83065  -9.25995e-05
0 1 9 7   424.406  0  0.0262344  -2.52889e-06  -2.48734  0.0317409  -1.69421e-06
1 1 9 7   109.626  0  0.110389  -7.02533e-05  -1.21646  0.114355  -5.20816e-06
2 1 9 7   349.641  0  0.545047  -0.000222942  5.02067  0.461712  -2.56685e-05
3 1 9 7   43.5654  0  1.10375  0.0778042  77.0432  2.72927  -0.000100689

