       0       0       0      381.076
       1       0       0      425.157
       0       1       0      525.724
       1       1       0      427.950
       0       2       0      465.922
       1       2       0      401.734
       0       3       0      511.362
       1       3       0      318.722
       0       4       0      496.405
       1       4       0      424.885
       0       5       0      504.290
       1       5       0      335.608
       0       6       0      394.774
       1       6       0      425.140
       0       7       0      392.972
       1       7       0      393.778
       0       8       0      395.414
       1       8       0      458.167
       0       9       0      404.291
       1       9       0      427.534
       0       0       1      353.765
       1       0       1      500.428
       0       1       1      352.390
       1       1       1      287.551
       0       2       1      391.488
       1       2       1      355.705
       0       3       1      398.977
       1       3       1      305.391
       0       4       1      322.664
       1       4       1      401.740
       0       5       1      349.847
       1       5       1      368.578
       0       6       1      333.300
       1       6       1      462.981
       0       7       1      342.592
       1       7       1      271.939
       0       8       1      285.402
       1       8       1      276.646
       0       9       1      299.452
       1       9       1      357.763
       0       0       2      420.700
       1       0       2      334.620
       0       1       2      437.018
       1       1       2      347.191
       0       2       2      429.191
       1       2       2      400.967
       0       3       2      473.299
       1       3       2      399.625
       0       4       2      393.918
       1       4       2      494.312
       0       5       2      458.272
       1       5       2      420.733
       0       6       2      490.955
       1       6       2      412.217
       0       7       2      460.556
       1       7       2      432.985
       0       8       2      458.885
       1       8       2      428.816
       0       9       2      545.072
       1       9       2      340.571
       0       0       3      374.202
       1       0       3      410.364
       0       1       3      343.586
       1       1       3      336.284
       0       2       3      319.949
       1       2       3      441.336
       0       3       3      312.378
       1       3       3      392.861
       0       4       3      306.322
       1       4       3      380.986
       0       5       3      406.575
       1       5       3      387.472
       0       6       3      358.657
       1       6       3      392.803
       0       7       3      381.615
       1       7       3      374.354
       0       8       3      350.564
       1       8       3      323.972
       0       9       3      384.482
       1       9       3      306.382
       0       0       4      392.799
       1       0       4      311.372
       0       1       4      405.596
       1       1       4      427.404
       0       2       4      521.313
       1       2       4      456.959
       0       3       4      442.997
       1       3       4      437.423
       0       4       4      470.955
       1       4       4      361.083
       0       5       4      477.732
       1       5       4      322.867
       0       6       4      474.441
       1       6       4      401.585
       0       7       4      522.619
       1       7       4      388.917
       0       8       4      473.748
       1       8       4      345.043
       0       9       4      482.742
       1       9       4      383.982
       0       0       5      448.960
       1       0       5      373.816
       0       1       5      256.479
       1       1       5      400.896
       0       2       5      275.753
       1       2       5      274.854
       0       3       5      443.827
       1       3       5      318.544
       0       4       5      396.718
       1       4       5      297.242
       0       5       5      407.042
       1       5       5      373.757
       0       6       5      337.654
       1       6       5      307.853
       0       7       5      303.864
       1       7       5      332.171
       0       8       5      306.568
       1       8       5      318.423
       0       9       5      323.934
       1       9       5      287.685
       0       0       6      381.159
       1       0       6      412.375
       0       1       6      391.612
       1       1       6      374.567
       0       2       6      395.642
       1       2       6      375.489
       0       3       6      526.754
       1       3       6      315.069
       0       4       6      400.453
       1       4       6      398.529
       0       5       6      440.308
       1       5       6      405.618
       0       6       6      374.762
       1       6       6      393.866
       0       7       6      396.297
       1       7       6      475.611
       0       8       6      400.956
       1       8       6      348.891
       0       9       6      463.327
       1       9       6      326.320
       0       0       7      381.747
       1       0       7      368.817
       0       1       7      358.044
       1       1       7      297.085
       0       2       7      276.768
       1       2       7      155.593
       0       3       7      333.223
       1       3       7      367.114
       0       4       7      238.612
       1       4       7      339.248
       0       5       7      335.958
       1       5       7      377.875
       0       6       7      393.746
       1       6       7      282.525
       0       7       7      178.693
       1       7       7      292.680
       0       8       7      402.817
       1       8       7      317.309
       0       9       7      358.581
       1       9       7      340.928
