   0   0      58.8      58.8      66.7      66.7
   1   0      62.5      62.5      78.1      78.1
   2   0      70.4      70.4      82.0      82.0
   3   0      58.1      58.1      57.8      57.8
   4   0      66.7      66.7      68.0      68.0
   5   0      69.0      69.0      67.6      67.6
   6   0      64.5      64.5      65.4      65.4
   7   0      58.1      58.1      61.3      61.3
   8   0      62.5      62.5      60.6      60.6
   9   0      54.9      54.9      60.6      60.6
   0   1      75.8      75.8      94.3      94.3
   1   1      61.3      61.3      62.1      62.1
   2   1      69.0      69.0      68.0      68.0
   3   1      73.0      73.0      69.4      69.4
   4   1      47.6      47.6      46.5      46.5
   5   1      71.9      71.9      71.9      71.9
   6   1      70.9      70.9      66.2      66.2
   7   1      76.9      76.9      73.5      73.5
   8   1      73.5      73.5      74.1      74.1
   9   1      81.3      81.3     103.1     103.1
   0   2      78.7      78.7      96.2      96.2
   1   2      61.0      61.0      59.5      59.5
   2   2      62.1      62.1      61.3      61.3
   3   2      60.6      60.6      59.9      59.9
   4   2      69.9      69.9      67.6      67.6
   5   2      70.9      70.9      70.4      70.4
   6   2      66.7      66.7      67.6      67.6
   7   2      63.7      63.7      64.5      64.5
   8   2      64.9      64.9      66.7      66.7
   9   2      82.6      82.6      99.0      99.0
   0   3      71.9      71.9      73.0      73.0
   1   3      69.0      69.0      71.9      71.9
   2   3      63.3      63.3      62.9      62.9
   3   3      59.2      59.2      60.6      60.6
   4   3      68.0      68.0      67.6      67.6
   5   3      61.7      61.7      62.5      62.5
   6   3      60.6      60.6      60.6      60.6
   7   3      66.2      66.2      65.4      65.4
   8   3      83.3      83.3      91.7      91.7
   9   3      73.5      73.5      70.9      70.9
   0   4      77.5      77.5      79.4      79.4
   1   4      78.1      78.1      83.3      83.3
   2   4      71.4      71.4      74.1      74.1
   3   4      81.3      81.3      82.6      82.6
   4   4      71.9      71.9      78.1      78.1
   5   4      80.6      80.6      99.0      99.0
   6   4      73.0      73.0      77.5      77.5
   7   4      82.6      82.6      82.0      82.0
   8   4      76.3      76.3      77.5      77.5
   9   4      86.2      86.2      85.5      85.5
   0   5      54.1      54.1      56.5      56.5
   1   5      79.4      79.4      80.0      80.0
   2   5      62.1      62.1      61.7      61.7
   3   5      61.3      61.3      61.3      61.3
   4   5      70.9      70.9      69.4      69.4
   5   5      65.8      65.8      68.0      68.0
   6   5      60.2      60.2      61.7      61.7
   7   5      75.2      75.2      80.6      80.6
   8   5      65.8      65.8      69.4      69.4
   9   5      69.4      69.4      72.5      72.5
   0   6      73.0      73.0      86.2      86.2
   1   6      71.9      71.9      74.6      74.6
   2   6      73.5      73.5      72.5      72.5
   3   6      66.2      66.2      66.7      66.7
   4   6      61.7      61.7      61.7      61.7
   5   6      65.8      65.8      66.2      66.2
   6   6      60.6      60.6      60.2      60.2
   7   6      59.9      59.9      59.5      59.5
   8   6      62.9      62.9      63.7      63.7
   9   6      62.9      62.9      66.2      66.2
   0   7      56.8      56.8      61.0      61.0
   1   7      69.0      69.0      71.4      71.4
   2   7      64.5      64.5      64.9      64.9
   3   7      64.9      64.9      67.6      67.6
   4   7      65.4      65.4      64.1      64.1
   5   7      58.5      58.5      61.7      61.7
   6   7      64.1      64.1      62.5      62.5
   7   7      54.9      54.9      53.8      53.8
   8   7      62.5      62.5      61.3      61.3
   9   7      77.5      77.5      90.9      90.9
Column Layer Slopes_LEX4_to_HE_[cm]
JEG 27 Apr 2000, from muons 01-15 Sep 1999
