 0 0 46.575  46.575  46.575  46.575 
 1 0 46.575  46.575  46.575  46.575 
 2 0 46.575  46.575  46.575  46.575 
 3 0 46.575  46.575  46.575  46.575 
 4 0 46.575  46.575  46.575  46.575 
 5 0 46.575  46.575  46.575  46.575 
 6 0 46.575  46.575  46.575  46.575 
 7 0 46.575  46.575  46.575  46.575 
 8 0 46.575  46.575  46.575  46.575 
 9 0 46.575  46.575  46.575  46.575 
 0 1 46.575  46.575  46.575  46.575 
 1 1 46.575  46.575  46.575  46.575 
 2 1 46.575  46.575  46.575  46.575 
 3 1 46.575  46.575  46.575  46.575 
 4 1 46.575  46.575  46.575  46.575 
 5 1 46.575  46.575  46.575  46.575 
 6 1 46.575  46.575  46.575  46.575 
 7 1 46.575  46.575  46.575  46.575 
 8 1 46.575  46.575  46.575  46.575 
 9 1 46.575  46.575  46.575  46.575 
 0 2 46.575  46.575  46.575  46.575 
 1 2 46.575  46.575  46.575  46.575 
 2 2 46.575  46.575  46.575  46.575 
 3 2 46.575  46.575  46.575  46.575 
 4 2 46.575  46.575  46.575  46.575 
 5 2 46.575  46.575  46.575  46.575 
 6 2 46.575  46.575  46.575  46.575 
 7 2 46.575  46.575  46.575  46.575 
 8 2 46.575  46.575  46.575  46.575 
 9 2 46.575  46.575  46.575  46.575 
 0 3 46.575  46.575  46.575  46.575 
 1 3 46.575  46.575  46.575  46.575 
 2 3 46.575  46.575  46.575  46.575 
 3 3 46.575  46.575  46.575  46.575 
 4 3 46.575  46.575  46.575  46.575 
 5 3 46.575  46.575  46.575  46.575 
 6 3 46.575  46.575  46.575  46.575 
 7 3 46.575  46.575  46.575  46.575 
 8 3 46.575  46.575  46.575  46.575 
 9 3 46.575  46.575  46.575  46.575 
 0 4 46.575  46.575  46.575  46.575 
 1 4 46.575  46.575  46.575  46.575 
 2 4 46.575  46.575  46.575  46.575 
 3 4 46.575  46.575  46.575  46.575 
 4 4 46.575  46.575  46.575  46.575 
 5 4 46.575  46.575  46.575  46.575 
 6 4 46.575  46.575  46.575  46.575 
 7 4 46.575  46.575  46.575  46.575 
 8 4 46.575  46.575  46.575  46.575 
 9 4 46.575  46.575  46.575  46.575 
 0 5 46.575  46.575  46.575  46.575 
 1 5 46.575  46.575  46.575  46.575 
 2 5 46.575  46.575  46.575  46.575 
 3 5 46.575  46.575  46.575  46.575 
 4 5 46.575  46.575  46.575  46.575 
 5 5 46.575  46.575  46.575  46.575 
 6 5 46.575  46.575  46.575  46.575 
 7 5 46.575  46.575  46.575  46.575 
 8 5 46.575  46.575  46.575  46.575 
 9 5 46.575  46.575  46.575  46.575 
 0 6 46.575  46.575  46.575  46.575 
 1 6 46.575  46.575  46.575  46.575 
 2 6 46.575  46.575  46.575  46.575 
 3 6 46.575  46.575  46.575  46.575 
 4 6 46.575  46.575  46.575  46.575 
 5 6 46.575  46.575  46.575  46.575 
 6 6 46.575  46.575  46.575  46.575 
 7 6 46.575  46.575  46.575  46.575 
 8 6 46.575  46.575  46.575  46.575 
 9 6 46.575  46.575  46.575  46.575 
 0 7 46.575  46.575  46.575  46.575 
 1 7 46.575  46.575  46.575  46.575 
 2 7 46.575  46.575  46.575  46.575 
 3 7 46.575  46.575  46.575  46.575 
 4 7 46.575  46.575  46.575  46.575 
 5 7 46.575  46.575  46.575  46.575 
 6 7 46.575  46.575  46.575  46.575 
 7 7 46.575  46.575  46.575  46.575 
 8 7 46.575  46.575  46.575  46.575 
 9 7 46.575  46.575  46.575  46.575 
