ped 0 3 1 0 0.0  0.0  0.0  0.0  0.0  0.0  0.0  0.0
ped 1 3 1 1 0.0  0.0  0.0  0.0  0.0  0.0  0.0  0.0
ped 2 3 1 2 0.0  0.0  0.0  0.0  0.0  0.0  0.0  0.0
ped 3 3 1 3 0.0  0.0  0.0  0.0  0.0  0.0  0.0  0.0
ped 4 3 1 4 0.0  0.0  0.0  0.0  0.0  0.0  0.0  0.0
ped 5 3 1 5 0.0  0.0  0.0  0.0  0.0  0.0  0.0  0.0
ped 6 3 1 6 0.0  0.0  0.0  0.0  0.0  0.0  0.0  0.0
ped 7 3 1 7 0.0  0.0  0.0  0.0  0.0  0.0  0.0  0.0
ped 8 3 1 8 0.0  0.0  0.0  0.0  0.0  0.0  0.0  0.0
ped 9 3 1 9 0.0  0.0  0.0  0.0  0.0  0.0  0.0  0.0
ped 10 3 0 0 0.0  0.0  0.0  0.0  0.0  0.0  0.0  0.0
ped 11 3 0 1 0.0  0.0  0.0  0.0  0.0  0.0  0.0  0.0
ped 12 3 0 2 0.0  0.0  0.0  0.0  0.0  0.0  0.0  0.0
ped 13 3 0 3 0.0  0.0  0.0  0.0  0.0  0.0  0.0  0.0
ped 14 3 0 4 0.0  0.0  0.0  0.0  0.0  0.0  0.0  0.0
ped 15 3 0 5 0.0  0.0  0.0  0.0  0.0  0.0  0.0  0.0
ped 16 3 0 6 0.0  0.0  0.0  0.0  0.0  0.0  0.0  0.0
ped 17 3 0 7 0.0  0.0  0.0  0.0  0.0  0.0  0.0  0.0
ped 18 3 0 8 0.0  0.0  0.0  0.0  0.0  0.0  0.0  0.0
ped 19 3 0 9 0.0  0.0  0.0  0.0  0.0  0.0  0.0  0.0
ped 20 2 1 0 0.0  0.0  0.0  0.0  0.0  0.0  0.0  0.0
ped 21 2 1 1 0.0  0.0  0.0  0.0  0.0  0.0  0.0  0.0
ped 22 2 1 2 0.0  0.0  0.0  0.0  0.0  0.0  0.0  0.0
ped 23 2 1 3 0.0  0.0  0.0  0.0  0.0  0.0  0.0  0.0
ped 24 2 1 4 0.0  0.0  0.0  0.0  0.0  0.0  0.0  0.0
ped 25 2 1 5 0.0  0.0  0.0  0.0  0.0  0.0  0.0  0.0
ped 26 2 1 6 0.0  0.0  0.0  0.0  0.0  0.0  0.0  0.0
ped 27 2 1 7 0.0  0.0  0.0  0.0  0.0  0.0  0.0  0.0
ped 28 2 1 8 0.0  0.0  0.0  0.0  0.0  0.0  0.0  0.0
ped 29 2 1 9 0.0  0.0  0.0  0.0  0.0  0.0  0.0  0.0
ped 30 2 0 0 0.0  0.0  0.0  0.0  0.0  0.0  0.0  0.0
ped 31 2 0 1 0.0  0.0  0.0  0.0  0.0  0.0  0.0  0.0
ped 32 2 0 2 0.0  0.0  0.0  0.0  0.0  0.0  0.0  0.0
ped 33 2 0 3 0.0  0.0  0.0  0.0  0.0  0.0  0.0  0.0
ped 34 2 0 4 0.0  0.0  0.0  0.0  0.0  0.0  0.0  0.0
ped 35 2 0 5 0.0  0.0  0.0  0.0  0.0  0.0  0.0  0.0
ped 36 2 0 6 0.0  0.0  0.0  0.0  0.0  0.0  0.0  0.0
ped 37 2 0 7 0.0  0.0  0.0  0.0  0.0  0.0  0.0  0.0
ped 38 2 0 8 0.0  0.0  0.0  0.0  0.0  0.0  0.0  0.0
ped 39 2 0 9 0.0  0.0  0.0  0.0  0.0  0.0  0.0  0.0
ped 40 1 1 0 0.0  0.0  0.0  0.0  0.0  0.0  0.0  0.0
ped 41 1 1 1 0.0  0.0  0.0  0.0  0.0  0.0  0.0  0.0
ped 42 1 1 2 0.0  0.0  0.0  0.0  0.0  0.0  0.0  0.0
ped 43 1 1 3 0.0  0.0  0.0  0.0  0.0  0.0  0.0  0.0
ped 44 1 1 4 0.0  0.0  0.0  0.0  0.0  0.0  0.0  0.0
ped 45 1 1 5 0.0  0.0  0.0  0.0  0.0  0.0  0.0  0.0
ped 46 1 1 6 0.0  0.0  0.0  0.0  0.0  0.0  0.0  0.0
ped 47 1 1 7 0.0  0.0  0.0  0.0  0.0  0.0  0.0  0.0
ped 48 1 1 8 0.0  0.0  0.0  0.0  0.0  0.0  0.0  0.0
ped 49 1 1 9 0.0  0.0  0.0  0.0  0.0  0.0  0.0  0.0
ped 50 1 0 0 0.0  0.0  0.0  0.0  0.0  0.0  0.0  0.0
ped 51 1 0 1 0.0  0.0  0.0  0.0  0.0  0.0  0.0  0.0
ped 52 1 0 2 0.0  0.0  0.0  0.0  0.0  0.0  0.0  0.0
ped 53 1 0 3 0.0  0.0  0.0  0.0  0.0  0.0  0.0  0.0
ped 54 1 0 4 0.0  0.0  0.0  0.0  0.0  0.0  0.0  0.0
ped 55 1 0 5 0.0  0.0  0.0  0.0  0.0  0.0  0.0  0.0
ped 56 1 0 6 0.0  0.0  0.0  0.0  0.0  0.0  0.0  0.0
ped 57 1 0 7 0.0  0.0  0.0  0.0  0.0  0.0  0.0  0.0
ped 58 1 0 8 0.0  0.0  0.0  0.0  0.0  0.0  0.0  0.0
ped 59 1 0 9 0.0  0.0  0.0  0.0  0.0  0.0  0.0  0.0
ped 60 0 1 0 0.0  0.0  0.0  0.0  0.0  0.0  0.0  0.0
ped 61 0 1 1 0.0  0.0  0.0  0.0  0.0  0.0  0.0  0.0
ped 62 0 1 2 0.0  0.0  0.0  0.0  0.0  0.0  0.0  0.0
ped 63 0 1 3 0.0  0.0  0.0  0.0  0.0  0.0  0.0  0.0
ped 64 0 1 4 0.0  0.0  0.0  0.0  0.0  0.0  0.0  0.0
ped 65 0 1 5 0.0  0.0  0.0  0.0  0.0  0.0  0.0  0.0
ped 66 0 1 6 0.0  0.0  0.0  0.0  0.0  0.0  0.0  0.0
ped 67 0 1 7 0.0  0.0  0.0  0.0  0.0  0.0  0.0  0.0
ped 68 0 1 8 0.0  0.0  0.0  0.0  0.0  0.0  0.0  0.0
ped 69 0 1 9 0.0  0.0  0.0  0.0  0.0  0.0  0.0  0.0
ped 70 0 0 0 0.0  0.0  0.0  0.0  0.0  0.0  0.0  0.0
ped 71 0 0 1 0.0  0.0  0.0  0.0  0.0  0.0  0.0  0.0
ped 72 0 0 2 0.0  0.0  0.0  0.0  0.0  0.0  0.0  0.0
ped 73 0 0 3 0.0  0.0  0.0  0.0  0.0  0.0  0.0  0.0
ped 74 0 0 4 0.0  0.0  0.0  0.0  0.0  0.0  0.0  0.0
ped 75 0 0 5 0.0  0.0  0.0  0.0  0.0  0.0  0.0  0.0
ped 76 0 0 6 0.0  0.0  0.0  0.0  0.0  0.0  0.0  0.0
ped 77 0 0 7 0.0  0.0  0.0  0.0  0.0  0.0  0.0  0.0
ped 78 0 0 8 0.0  0.0  0.0  0.0  0.0  0.0  0.0  0.0
ped 79 0 0 9 0.0  0.0  0.0  0.0  0.0  0.0  0.0  0.0
