   0   0   0   3750   3730   3850   3699
   1   0   0   3790   3780   3800   3699
   0   1   0   3730   3810   3740   3699
   1   1   0   3770   3830   3800   3699
   0   2   0   3740   3750   3760   3699
   1   2   0   3840   3830   3780   3699
   0   3   0   3710   3780   3740   3699
   1   3   0   3910   3820   3850   3699
   0   4   0   3730   3780   3760   3699
   1   4   0   3790   3850   3800   3699
   0   5   0   3680   3780   3770   3699
   1   5   0   3820   3850   3790   3699
   0   6   0   3750   3750   3760   3699
   1   6   0   3810   3810   3810   3699
   0   7   0   3790   3720   3750   3699
   1   7   0   3880   3840   3820   3699
   0   8   0   3740   3890   3800   3699
   1   8   0   3750   3770   3790   3699
   0   9   0   3740   3740   3760   3699
   1   9   0   3800   3780   3780   3699
   0   0   1   3850   3850   3880   3699
   1   0   1   3830   3900   3910   3699
   0   1   1   3830   3870   3900   3699
   1   1   1   3880   3900   3870   3699
   0   2   1   3880   3930   3900   3699
   1   2   1   3890   3820   3820   3699
   0   3   1   3860   3800   3840   3699
   1   3   1   3900   3880   3900   3699
   0   4   1   3890   3930   3890   3699
   1   4   1   3850   3910   3870   3699
   0   5   1   3870   3860   3910   3699
   1   5   1   3860   3850   3820   3699
   0   6   1   3890   3870   3870   3699
   1   6   1   3830   3910   3830   3699
   0   7   1   3870   3900   3850   3699
   1   7   1   3900   3920   3920   3699
   0   8   1   3910   3890   3870   3699
   1   8   1   3890   3850   3890   3699
   0   9   1   3870   3930   3890   3699
   1   9   1   3880   3930   3910   3699
   0   0   2   3750   3730   3750   3699
   1   0   2   3870   3790   3820   3699
   0   1   2   3750   3750   3770   3699
   1   1   2   3770   3760   3810   3699
   0   2   2   3770   3750   3820   3699
   1   2   2   3840   3780   3810   3699
   0   3   2   3770   3750   3810   3699
   1   3   2   3780   3820   3810   3830
   0   4   2   3750   3770   3760   3699
   1   4   2   3760   3770   3760   3699
   0   5   2   3760   3760   3770   3699
   1   5   2   3800   3810   3800   3699
   0   6   2   3770   3760   3770   3699
   1   6   2   3780   3770   3760   3699
   0   7   2   3740   3760   3750   3699
   1   7   2   3900   3840   3970   3699
   0   8   2   3770   3760   3790   3699
   1   8   2   3880   3830   3840   3699
   0   9   2   3740   3720   3760   3699
   1   9   2   3820   3820   3770   3699
   0   0   3   3880   3900   3890   3870
   1   0   3   3830   3880   3850   3699
   0   1   3   3870   3920   3820   3699
   1   1   3   3860   3920   3910   3699
   0   2   3   3860   3930   3880   3699
   1   2   3   3810   3840   3860   3699
   0   3   3   3880   3900   3890   3860
   1   3   3   3870   3900   3930   3880
   0   4   3   3880   3910   3850   3699
   1   4   3   3870   3860   3890   3699
   0   5   3   3860   3830   3920   3699
   1   5   3   3870   3890   3860   3699
   0   6   3   3860   3910   3900   3890
   1   6   3   3890   3880   3920   3860
   0   7   3   3900   3880   3900   3699
   1   7   3   3860   3870   3880   3699
   0   8   3   3910   3920   3940   3699
   1   8   3   3900   3900   3910   3699
   0   9   3   3850   3880   3880   3870
   1   9   3   3890   3880   3830   3870
   0   0   4   3750   3770   3750   3720
   1   0   4   3830   3810   3790   3699
   0   1   4   3720   3760   3730   3699
   1   1   4   3790   3790   3790   3699
   0   2   4   3730   3770   3740   3699
   1   2   4   3750   3810   3810   3699
   0   3   4   3730   3780   3760   3699
   1   3   4   3800   3770   3840   3699
   0   4   4   3710   3720   3770   3699
   1   4   4   3810   3790   3770   3699
   0   5   4   3750   3760   3770   3699
   1   5   4   3830   3790   3800   3699
   0   6   4   3740   3750   3770   3770
   1   6   4   3810   3820   3800   3800
   0   7   4   3720   3740   3730   3699
   1   7   4   3770   3830   3780   3699
   0   8   4   3730   3740   3720   3699
   1   8   4   3810   3860   3810   3699
   0   9   4   3750   3720   3750   3699
   1   9   4   3810   3750   3800   3699
   0   0   5   3830   3880   3960   3699
   1   0   5   3870   3840   3900   3699
   0   1   5   3930   3950   3870   3699
   1   1   5   3910   3960   3990   3699
   0   2   5   3970   3840   3890   3699
   1   2   5   3920   3940   3910   3699
   0   3   5   3840   3920   3870   3699
   1   3   5   3890   3970   3930   3699
   0   4   5   3900   3930   3890   3699
   1   4   5   3890   3890   3870   3699
   0   5   5   3840   3840   3850   3699
   1   5   5   3820   3860   3860   3699
   0   6   5   3900   3900   3880   3900
   1   6   5   3870   3890   3850   3699
   0   7   5   3890   3910   3910   3699
   1   7   5   3860   3840   3920   3699
   0   8   5   3880   3920   3890   3699
   1   8   5   3890   3870   3900   3699
   0   9   5   3890   3860   3880   3699
   1   9   5   3890   3900   3990   3699
   0   0   6   3750   3750   3770   3699
   1   0   6   3780   3760   3850   3699
   0   1   6   3780   3750   3790   3699
   1   1   6   3790   3780   3770   3699
   0   2   6   3760   3770   3770   3699
   1   2   6   3800   3830   3790   3699
   0   3   6   3730   3760   3760   3699
   1   3   6   3820   3820   3830   3699
   0   4   6   3750   3780   3820   3699
   1   4   6   3790   3860   3790   3699
   0   5   6   3710   3780   3760   3699
   1   5   6   3770   3790   3760   3699
   0   6   6   3770   3760   3730   3699
   1   6   6   3850   3840   3810   3699
   0   7   6   3770   3770   3770   3699
   1   7   6   3780   3800   3800   3699
   0   8   6   3730   3750   3740   3699
   1   8   6   3840   3830   3790   3699
   0   9   6   3760   3730   3710   3699
   1   9   6   3810   3810   3800   3699
   0   0   7   3840   3830   3940   3699
   1   0   7   3890   3890   3870   3699
   0   1   7   3840   3850   3950   3699
   1   1   7   3860   3880   3850   3699
   0   2   7   3880   3850   3840   3699
   1   2   7   3920   3950   3880   3699
   0   3   7   3870   3880   3840   3699
   1   3   7   3900   3900   3920   3699
   0   4   7   3920   3900   3820   3699
   1   4   7   3890   3900   3930   3699
   0   5   7   3830   3900   3890   3699
   1   5   7   3870   3940   3920   3699
   0   6   7   3840   3900   3940   3699
   1   6   7   3890   3880   3920   3699
   0   7   7   3890   3890   3890   3699
   1   7   7   3870   3940   3860   3699
   0   8   7   3860   3890   3790   3699
   1   8   7   3860   3950   3870   3699
   0   9   7   3870   3840   3910   3699
   1   9   7   3850   3880   3880   3699
; Face  Colmn  Layer  Rails_LEX4_to_HE
; JEG 1 May 2000
; NOTE:  These are pedestal-subtracted ADC values.
; Values in the list are typ. 40 bins below true rail
; Value = 3699 indicates a guess; no data yet on true rail
