0 0 56.2715 0.0013259
1 0 53.8698 -0.00377132
2 0 50.1309 -0.015
3 0 57.1269 -0.000251101
4 0 51.3709 -0.00844207
5 0 67.5973 -0.00522065
6 0 49.4134 -0.00402998
7 0 51.0763 -0.00311845
8 0 71.4172 0.00915956
9 0 53.9098 -0.0100552
0 1 72.5207 0.00820199
1 1 107.715 0.00704089
2 1 59.086 0.00988668
3 1 67.0293 0.004219
4 1 86.4698 0.00365198
5 1 46.0568 0.00519195
6 1 65.2064 -0.00219443
7 1 86.8975 0.00699857
8 1 75.9298 0.00108087
9 1 86.155 0.00524839
0 2 73.0981 -0.00347708
1 2 58.4429 -0.0142191
2 2 44.3372 0.00960644
3 2 51.7871 -0.00398385
4 2 72.6213 0.00705827
5 2 54.4598 0.000365386
6 2 53.715 -0.007524
7 2 49.9737 -0.0184337
8 2 52.4995 -0.00364448
9 2 79.035 -0.0132382
0 3 69.4068 0.00243681
1 3 96.1388 0.00780955
2 3 71.6518 -0.00252895
3 3 57.7785 0.00630733
4 3 61.798 0.00267542
5 3 54.5531 0.00388896
6 3 57.6503 0.0037629
7 3 53.5322 0.00622966
8 3 58.6591 -0.00200885
9 3 66.172 0.00465264
0 4 121.344 0.00567066
1 4 73.1481 0.0155933
2 4 69.9543 -0.00607075
3 4 59.1768 -0.0010972
4 4 72.5246 -0.00660268
5 4 61.425 -0.0138294
6 4 62.592 -0.00687377
7 4 76.6013 -0.0144916
8 4 77.1698 -0.00457992
9 4 59.5895 -0.00233765
0 5 62.673 0.0136836
1 5 65.5303 -0.00212603
2 5 92.3542 0.0033804
3 5 63.6065 0.00398714
4 5 71.5642 0.00109753
5 5 63.4737 0.000345907
6 5 68.7135 -0.00240312
7 5 85.0757 0.00132911
8 5 110.366 -0.00525474
9 5 64.4316 -0.00434496
0 6 51.8514 -0.00868625
1 6 51.8268 -0.00491904
2 6 47.386 -0.017911
3 6 51.61 -0.0115735
4 6 58.1029 0.00318614
5 6 48.0765 -0.00170173
6 6 52.4221 0.000664853
7 6 58.5445 -0.00294642
8 6 57.698 -0.000926983
9 6 71.8259 0.000763446
0 7 85.7441 -0.00070009
1 7 63.5827 -0.00354628
2 7 60.0    0.6
3 7 51.8041 0.00210857
4 7 62.719 0.00872253
5 7 90.8004 -0.0215914
6 7 64.1752 0.00408626
7 7 99.9369 0.0202103
8 7 86.54 0.00418624
9 7 71.7254 0.0128351
