3.000 3.125 3.250 3.375 3.500 3.625 3.750 3.875 4.000 4.125 4.250 4.375 4.500 4.625 4.750 4.875 5.000 5.125 5.250 5.375 5.500 5.625 5.750 5.875 6.000 6.125 6.250 6.375 6.500 6.625 6.750 6.875
-0.2 -0.25 -0.30 -0.35 -0.40 -0.45 -0.50 -0.55 -0.60 -0.65 -0.70 -0.75 -0.80 -0.85 -0.90 -0.95 -1.001
1.000000 1.000000 1.000000 1.000000 1.000089 0.999513 0.998248 0.994117 0.992539 0.993329 0.995144 0.995992 0.994969 0.993288 0.991398 0.989384 0.987214 0.985041 0.982689 0.980359 0.978322 0.977262 0.976946 0.976313 0.975426 0.976486 0.979861 0.986639 0.998533 1.012873 1.027885 1.037506
1.000000 1.000000 1.000000 1.000000 1.000089 0.999513 0.998248 0.994117 0.992539 0.993329 0.995144 0.995992 0.994969 0.993288 0.991398 0.989384 0.987214 0.985041 0.982689 0.980359 0.978322 0.977262 0.976946 0.976313 0.975426 0.976486 0.979861 0.986639 0.998533 1.012873 1.027885 1.037506
1.000000 1.000000 1.000000 1.000000 0.999870 0.999609 0.996576 0.993568 0.990402 0.991970 0.994142 0.994959 0.993957 0.992321 0.990316 0.988057 0.985926 0.983750 0.981467 0.979238 0.977614 0.977069 0.977143 0.976882 0.976567 0.977024 0.979265 0.985079 0.994615 1.006712 1.015339 1.018344
1.000000 1.000000 1.000000 1.000000 1.000000 0.999038 0.997376 0.991886 0.990176 0.989523 0.992491 0.993340 0.992625 0.990959 0.988771 0.986594 0.984705 0.982763 0.980707 0.978780 0.977358 0.977124 0.977650 0.977725 0.977485 0.976951 0.975976 0.977797 0.982656 0.984988 0.977522 0.972887
1.000000 1.000000 1.000000 1.000000 1.000000 1.000000 0.997845 0.995574 0.990623 0.990621 0.990947 0.992204 0.991567 0.989839 0.987593 0.985722 0.984144 0.982723 0.980899 0.979256 0.978095 0.977858 0.978093 0.978150 0.977061 0.973091 0.966288 0.961979 0.956121 0.938450 0.918954 0.896785
1.000000 1.000000 1.000000 1.000000 1.000000 1.000000 1.000000 0.997555 0.995832 0.992406 0.992542 0.992157 0.991394 0.989682 0.987501 0.985879 0.984994 0.983485 0.982051 0.980415 0.979202 0.978376 0.977998 0.976415 0.971745 0.960958 0.948039 0.937395 0.911866 0.885720 0.851564 0.837255
1.000000 1.000000 1.000000 1.000000 1.000000 1.000000 1.000000 1.000000 0.998102 0.996728 0.994516 0.993662 0.992308 0.990302 0.988284 0.987098 0.986176 0.985208 0.983231 0.981486 0.979670 0.978245 0.976389 0.971736 0.959617 0.941297 0.927015 0.903855 0.875481 0.834492 0.816544 0.803399
1.000000 1.000000 1.000000 1.000000 1.000000 1.000000 1.000000 1.000000 0.999886 0.998305 0.996569 0.995287 0.993805 0.991859 0.989628 0.988230 0.987508 0.986274 0.984349 0.981742 0.979715 0.977605 0.974956 0.966790 0.948407 0.922119 0.898367 0.882595 0.839567 0.815845 0.800000 0.800000
1.000000 1.000000 1.000000 1.000000 1.000000 1.000000 1.000000 1.000000 0.999874 0.998678 0.997453 0.996493 0.995976 0.993910 0.991284 0.988940 0.987592 0.986351 0.984192 0.981800 0.979505 0.977531 0.975226 0.967022 0.938948 0.899091 0.870574 0.844523 0.822683 0.801773 0.800004 0.800000
1.000000 1.000000 1.000000 1.000000 1.000000 1.000000 1.000000 1.000000 0.999639 0.999069 0.997537 0.997872 0.997275 0.995611 0.992383 0.989058 0.986555 0.985112 0.983409 0.981186 0.979142 0.977629 0.976476 0.966162 0.932560 0.878474 0.836730 0.819085 0.803893 0.800007 0.800000 0.800000
1.000000 1.000000 1.000000 1.000000 1.000000 1.000000 1.000000 1.000000 1.000000 0.999215 0.998591 0.997617 0.997528 0.995911 0.992665 0.988702 0.985567 0.983838 0.982178 0.980119 0.977663 0.975264 0.973655 0.961907 0.924652 0.866316 0.822070 0.804217 0.800004 0.800000 0.800000 0.800000
1.000000 1.000000 1.000000 1.000000 1.000000 1.000000 1.000000 1.000000 1.000000 0.999774 0.998417 0.997518 0.997126 0.996002 0.992898 0.988335 0.984698 0.982349 0.980628 0.977893 0.974446 0.970474 0.964518 0.951291 0.913585 0.860677 0.817585 0.802540 0.800000 0.800000 0.800000 0.800000
1.000000 1.000000 1.000000 1.000000 1.000000 1.000000 1.000000 1.000000 1.000000 0.999752 0.998766 0.997190 0.997802 0.997164 0.993310 0.988483 0.983736 0.980957 0.978147 0.974863 0.970033 0.963457 0.954495 0.935474 0.901397 0.853115 0.816981 0.801861 0.800000 0.800000 0.800000 0.800000
1.000000 1.000000 1.000000 1.000000 1.000000 1.000000 1.000000 1.000000 1.000000 0.999858 0.998183 0.997499 0.997962 0.998099 0.994135 0.987740 0.982937 0.978650 0.974608 0.969490 0.963203 0.955010 0.943099 0.921894 0.888239 0.848309 0.816486 0.802693 0.800000 0.800000 0.800000 0.800000
1.000000 1.000000 1.000000 1.000000 1.000000 1.000000 1.000000 1.000000 1.000000 0.999448 0.998587 0.996652 0.998832 0.998508 0.993800 0.986937 0.980171 0.974893 0.968993 0.961838 0.954211 0.946147 0.933343 0.911787 0.880078 0.846752 0.819058 0.805039 0.800585 0.800000 0.800000 0.800000
1.000000 1.000000 1.000000 1.000000 1.000000 1.000000 1.000000 1.000000 1.000000 1.000000 0.998416 0.998420 0.998763 0.999543 0.993825 0.984857 0.977439 0.971002 0.963505 0.955355 0.947417 0.939752 0.928827 0.906448 0.877318 0.846904 0.822430 0.806735 0.801251 0.800000 0.800000 0.800000
1.000000 1.000000 1.000000 1.000000 1.000000 1.000000 1.000000 1.000000 1.000000 1.000000 0.998416 0.998420 0.998763 0.999543 0.993825 0.984857 0.977439 0.971002 0.963505 0.955355 0.947417 0.939752 0.928827 0.906448 0.877318 0.846904 0.822430 0.806735 0.801251 0.800000 0.800000 0.800000
