1.375 1.500 1.625 1.750 1.875 2.000 2.125 2.250 2.375 2.500 2.625 2.750 2.875 3.000 3.125 3.250 3.375 3.500 3.625 3.750 3.875 4.000 4.125 4.250 4.375 4.500 4.625 4.750 4.875 5.000 5.125 5.250 5.375 5.500
-0.2 -0.25 -0.30 -0.35 -0.40 -0.45 -0.50 -0.55 -0.60 -0.65 -0.70 -0.75 -0.80 -0.85 -0.90 -0.95 -1.001
0.712030 0.714854 0.714854 0.714854 0.714854 0.741927 0.789678 0.815602 0.833631 0.859510 0.870029 0.877230 0.885628 0.875242 0.871069 0.882475 0.898279 0.914192 0.921218 0.928689 0.933605 0.946038 0.947153 0.932163 0.929409 0.950601 0.955677 0.936857 0.907668 0.911057 0.931775 0.942085 0.942502 0.936255
0.712030 0.714854 0.714854 0.714854 0.714854 0.741927 0.789678 0.815602 0.833631 0.859510 0.870029 0.877230 0.885628 0.875242 0.871069 0.882475 0.898279 0.914192 0.921218 0.928689 0.933605 0.946038 0.947153 0.932163 0.929409 0.950601 0.955677 0.936857 0.907668 0.911057 0.931775 0.942085 0.942502 0.936255
0.683027 0.680800 0.680800 0.680800 0.688437 0.729650 0.790414 0.808925 0.829685 0.856369 0.872765 0.885033 0.895239 0.890638 0.889412 0.909919 0.925968 0.940048 0.948824 0.955534 0.958252 0.968629 0.973933 0.957981 0.951361 0.957847 0.961934 0.958027 0.937107 0.931897 0.931636 0.931592 0.933532 0.926960
0.681932 0.681610 0.681610 0.681328 0.710729 0.753999 0.806868 0.832183 0.842738 0.862726 0.875554 0.892118 0.905035 0.908566 0.916651 0.936983 0.953657 0.966423 0.977855 0.989990 0.988679 0.990809 0.993401 0.991790 0.987181 0.984869 0.977858 0.971416 0.960394 0.950843 0.939922 0.934447 0.927822 0.909001
0.686000 0.688333 0.688333 0.703835 0.753215 0.799473 0.831206 0.852405 0.872410 0.883026 0.900071 0.913604 0.918414 0.920720 0.927479 0.945041 0.960775 0.970329 0.979818 0.987506 0.992174 0.993647 0.996056 0.995760 0.999282 0.995399 0.995260 0.985909 0.967707 0.950820 0.939188 0.927332 0.916363 0.904865
0.660000 0.658333 0.657169 0.671727 0.762001 0.815520 0.842821 0.863911 0.882734 0.897809 0.911966 0.923774 0.923812 0.929670 0.935446 0.949022 0.965279 0.969004 0.974472 0.981807 0.986252 0.988355 0.989916 0.990274 0.989109 0.987496 0.985285 0.973938 0.960040 0.942365 0.927701 0.912034 0.895648 0.885205
0.654601 0.653834 0.653111 0.686489 0.783469 0.842286 0.859640 0.874150 0.893707 0.901734 0.914842 0.923011 0.929567 0.936638 0.942116 0.958416 0.969049 0.965604 0.965942 0.970995 0.971371 0.970954 0.972072 0.972650 0.968922 0.963927 0.954329 0.952985 0.944339 0.921839 0.899430 0.882057 0.860377 0.853167
0.687179 0.684816 0.694000 0.718718 0.812393 0.859286 0.875404 0.891057 0.905261 0.911807 0.920210 0.925910 0.930634 0.934774 0.939750 0.949512 0.955631 0.950876 0.954651 0.954775 0.953881 0.952140 0.952853 0.947776 0.939949 0.928909 0.926111 0.925164 0.922910 0.898591 0.862216 0.844185 0.838692 0.814120
0.751277 0.753879 0.742269 0.754090 0.810227 0.864378 0.891948 0.904183 0.913030 0.918426 0.921755 0.922755 0.923989 0.927202 0.931334 0.935101 0.935744 0.935564 0.935616 0.934629 0.934258 0.931442 0.926820 0.922813 0.905544 0.894871 0.888613 0.891286 0.882999 0.861660 0.824849 0.810190 0.803807 0.792632
0.783010 0.782962 0.791830 0.807237 0.848494 0.878790 0.897684 0.906942 0.914422 0.918571 0.918371 0.916951 0.916575 0.920159 0.922856 0.923283 0.923609 0.919571 0.919726 0.916014 0.911453 0.908289 0.906891 0.899046 0.893398 0.864338 0.859244 0.849871 0.832491 0.809131 0.766791 0.729899 0.727806 0.723628
0.796544 0.797120 0.808125 0.845183 0.868557 0.887468 0.901599 0.909544 0.915252 0.918604 0.917205 0.915038 0.912562 0.911834 0.911555 0.912982 0.909482 0.907860 0.914704 0.907347 0.895818 0.902971 0.905454 0.884769 0.876333 0.835900 0.824488 0.796407 0.775701 0.746443 0.705115 0.676238 0.636777 0.663653
0.793065 0.798950 0.836039 0.875316 0.893074 0.899656 0.907320 0.912710 0.916225 0.917459 0.914541 0.911003 0.906979 0.903040 0.901783 0.902161 0.898328 0.897986 0.909371 0.895851 0.879683 0.895688 0.895163 0.848278 0.827377 0.805144 0.817543 0.764006 0.730816 0.697898 0.660210 0.635242 0.602210 0.604490
0.791861 0.804448 0.852723 0.899004 0.906739 0.907011 0.912367 0.916929 0.917876 0.916199 0.910044 0.904261 0.898140 0.891054 0.885552 0.882905 0.875108 0.873495 0.868357 0.854393 0.839311 0.852493 0.834562 0.801256 0.774978 0.757476 0.757042 0.703142 0.657461 0.622770 0.580158 0.553381 0.540327 0.634226
0.853454 0.858218 0.888061 0.909899 0.916998 0.915717 0.917465 0.919635 0.916822 0.911383 0.904227 0.896559 0.887733 0.877195 0.870101 0.865738 0.861169 0.854585 0.834692 0.813706 0.818992 0.808675 0.782027 0.757414 0.726810 0.683764 0.674671 0.637915 0.596775 0.555029 0.514180 0.484145 0.488372 0.598961
0.913156 0.914000 0.920334 0.926757 0.930597 0.930873 0.928909 0.925196 0.918110 0.909464 0.899468 0.889525 0.877638 0.864674 0.858050 0.850345 0.834377 0.821339 0.799126 0.800394 0.795748 0.774880 0.718071 0.695642 0.653197 0.615566 0.582798 0.557132 0.515658 0.469297 0.448683 0.437199 0.452056 0.560078
0.952924 0.956116 0.954353 0.946713 0.942716 0.941068 0.935382 0.928617 0.919915 0.909693 0.896674 0.882433 0.868216 0.854292 0.847468 0.837158 0.812699 0.791732 0.775553 0.767089 0.752965 0.711941 0.670325 0.642846 0.603499 0.564270 0.524631 0.494018 0.463423 0.423755 0.390439 0.391705 0.406128 0.538432
0.952924 0.956116 0.954353 0.946713 0.942716 0.941068 0.935382 0.928617 0.919915 0.909693 0.896674 0.882433 0.868216 0.854292 0.847468 0.837158 0.812699 0.791732 0.775553 0.767089 0.752965 0.711941 0.670325 0.642846 0.603499 0.564270 0.524631 0.494018 0.463423 0.423755 0.390439 0.391705 0.406128 0.538432
