1 1.475 1.7 1.925 2.15 2.375 2.6 2.825 3.05 3.275 3.5 3.725 3.95 4.175 4.4 4.625 4.85 5.075 5.3 5.525 5.75 6.2 6.7
-0.2 -0.3 -0.37 -0.44 -0.51 -0.58 -0.65 -0.72 -0.79 -0.86 -0.93 -1
0.999607 0.999607 0.875337 0.853939 0.880571 0.902320 0.926415 0.930322 0.951777 0.973945 0.997978 1.024370 1.043730 1.056480 1.065680 1.073550 1.080050 1.080310 1.078960 1.072780 1.072780 1.072780 1.072780
0.999607 0.999607 0.875337 0.853939 0.880571 0.902320 0.926415 0.930322 0.951777 0.973945 0.997978 1.024370 1.043730 1.056480 1.065680 1.073550 1.080050 1.080310 1.078960 1.072780 1.072780 1.072780 1.072780
0.999607 0.999607 0.899036 0.914168 0.944662 0.933986 0.943273 0.951853 0.967781 0.995320 1.018410 1.033120 1.041690 1.050550 1.060270 1.063700 1.067010 1.069680 1.069840 1.065200 1.065200 1.065200 1.065200
0.999607 0.999607 0.972971 0.966627 0.946786 0.937117 0.957229 0.964633 0.969473 1.002190 1.015740 1.030770 1.037400 1.044830 1.052300 1.051780 1.053250 1.056330 1.060290 1.056990 1.056990 1.056990 1.056990
0.988041 0.988041 0.965951 0.956133 0.942471 0.950186 0.967903 0.970474 0.973669 0.998301 1.009960 1.021510 1.025520 1.028650 1.032850 1.036340 1.038320 1.042630 1.042870 1.043220 1.043220 1.043220 1.043220
1.054800 1.054800 0.999657 0.961275 0.958200 0.967025 0.963772 0.968503 0.977660 0.992348 1.000600 1.006850 1.011400 1.014920 1.020570 1.021440 1.025410 1.028250 1.029230 1.032060 1.032060 1.032060 1.032060
1.057570 1.057570 1.019630 0.965644 0.969321 0.966971 0.961799 0.964169 0.973807 0.980560 0.989410 0.995301 0.999770 1.005540 1.010380 1.012910 1.017130 1.020060 1.022860 1.021970 1.021970 1.021970 1.021970
1.044290 1.044290 0.990360 0.972841 0.966523 0.963173 0.964760 0.966026 0.969315 0.976309 0.985579 0.991369 0.994606 1.000990 1.004360 1.008120 1.012630 1.014540 1.015160 1.017300 1.017300 1.017300 1.017300
1.039590 1.039590 0.979993 0.963104 0.960852 0.960575 0.964317 0.968155 0.969565 0.974230 0.982671 0.988238 0.994319 0.997468 1.000790 1.006230 1.010620 1.011220 1.011320 1.006150 1.006150 1.006150 1.006150
1.031380 1.031380 0.993144 0.973013 0.968331 0.954683 0.962120 0.966945 0.968993 0.973911 0.980614 0.986176 0.991213 0.994919 1.000080 1.006160 1.008550 1.003430 0.999263 0.988776 0.988776 0.988776 0.988776
1.036010 1.036010 1.004930 0.986737 0.979406 0.971272 0.972650 0.970591 0.968231 0.972138 0.980961 0.987319 0.990122 0.994712 0.999604 1.000760 0.996425 0.993458 0.983784 0.968682 0.968682 0.968682 0.968682
1.036010 1.036010 1.004930 0.986737 0.979406 0.971272 0.972650 0.970591 0.968231 0.972138 0.980961 0.987319 0.990122 0.994712 0.999604 1.000760 0.996425 0.993458 0.983784 0.968682 0.968682 0.968682 0.968682
