2.6 2.825 3.05 3.275 3.5 3.725 3.95 4.175 4.4 4.625 4.85 5.075 5.3 5.525 5.75 5.975 6.7
-0.2 -0.3 -0.37 -0.44 -0.51 -0.58 -0.65 -0.72 -0.79 -0.86 -0.93 -1
0.975681 0.975681 0.975681 0.982743 0.993074 0.993230 0.977946 0.979017 0.977741 0.982445 0.982785 0.982870 0.985898 0.987463 1.002900 1.013700 1.013700
0.975681 0.975681 0.975681 0.982743 0.993074 0.993230 0.977946 0.979017 0.977741 0.982445 0.982785 0.982870 0.985898 0.987463 1.002900 1.013700 1.013700
0.975681 0.975681 0.975681 0.978930 0.980894 0.988379 0.986357 0.985180 0.987021 0.986503 0.988613 0.990714 0.994550 1.000640 1.002900 1.013700 1.013700
0.954452 0.954452 0.954452 0.968810 0.977790 0.986139 0.989254 0.991016 0.991907 0.994352 0.995504 1.000070 1.004670 1.009840 1.026220 1.035560 1.035560
0.965372 0.965372 0.965372 0.971094 0.976137 0.979498 0.985692 0.990263 0.995056 0.999194 1.003000 1.009030 1.015660 1.019350 1.042830 1.057630 1.057630
0.969129 0.969129 0.969129 0.969649 0.973794 0.979010 0.985381 0.990908 0.997508 1.002650 1.007350 1.013350 1.023990 1.030360 1.052760 1.072220 1.072220
0.962668 0.962668 0.962668 0.969306 0.978833 0.984682 0.988551 0.995479 1.000570 1.005850 1.011050 1.019520 1.030550 1.039870 1.054620 1.078680 1.078680
0.970071 0.970071 0.970071 0.974636 0.986661 0.992455 0.996050 1.000100 1.003650 1.009420 1.016970 1.026390 1.035610 1.046430 1.060450 1.082230 1.082230
0.978986 0.978986 0.978986 0.986303 0.994705 0.999083 1.001590 1.005030 1.009160 1.016820 1.024190 1.030490 1.041490 1.052060 1.061480 1.068460 1.068460
0.987786 0.987786 0.987786 0.993525 0.999735 1.001690 1.003420 1.007490 1.013520 1.021220 1.026090 1.031290 1.039580 1.045960 1.053300 1.047540 1.047540
0.981769 0.981769 0.981769 0.991693 0.997586 1.001630 1.005110 1.007430 1.013420 1.016570 1.018140 1.022970 1.027180 1.024150 1.013410 1.014590 1.014590
0.981769 0.981769 0.981769 0.991693 0.997586 1.001630 1.005110 1.007430 1.013420 1.016570 1.018140 1.022970 1.027180 1.024150 1.013410 1.014590 1.014590
