1.375 1.500 1.625 1.750 1.875 2.000 2.125 2.250 2.375 2.500 2.625 2.750 2.875 3.000 3.125 3.250 3.375 3.500 3.625 3.750 3.875 4.000 4.125 4.250 4.375 4.500 4.625 4.750 4.875 5.000 5.125 5.250 5.375 5.500
-0.2 -0.25 -0.30 -0.35 -0.40 -0.45 -0.50 -0.55 -0.60 -0.65 -0.70 -0.75 -0.80 -0.85 -0.90 -0.95 -1.001
0.900000 0.900000 0.900000 0.900000 0.900000 0.900000 0.900000 0.900000 0.900000 0.900000 0.887466 0.864431 0.888907 0.880735 0.863367 0.856610 0.869583 0.886761 0.897584 0.905242 0.920957 0.924172 0.923259 0.939253 0.954682 0.964750 0.967913 0.963713 0.964383 0.973140 0.978933 0.980000 0.980301 0.984903
0.900000 0.900000 0.900000 0.900000 0.900000 0.900000 0.900000 0.900000 0.900000 0.900000 0.887466 0.864431 0.888907 0.880735 0.863367 0.856610 0.869583 0.886761 0.897584 0.905242 0.920957 0.924172 0.923259 0.939253 0.954682 0.964750 0.967913 0.963713 0.964383 0.973140 0.978933 0.980000 0.980301 0.984903
0.900000 0.900000 0.900000 0.900000 0.900000 0.900000 0.900000 0.900000 0.900000 0.900000 0.889555 0.859914 0.892451 0.880062 0.863378 0.855484 0.869660 0.886954 0.897987 0.904368 0.921832 0.924503 0.922079 0.939645 0.954779 0.964959 0.968340 0.963449 0.963937 0.973393 0.979110 0.980000 0.980251 0.984337
0.906247 0.905205 0.905205 0.905205 0.905205 0.905205 0.905205 0.905205 0.911129 0.903370 0.889983 0.876602 0.892098 0.883920 0.866718 0.859910 0.874894 0.889718 0.898724 0.906258 0.921564 0.927492 0.927413 0.942743 0.955782 0.965800 0.968835 0.965364 0.965973 0.974507 0.979480 0.981369 0.981639 0.981845
0.915255 0.917918 0.917918 0.917918 0.917918 0.917918 0.920181 0.932585 0.937200 0.922230 0.914262 0.908205 0.913868 0.896666 0.886003 0.880176 0.896266 0.902240 0.905963 0.910860 0.926099 0.939840 0.945644 0.954116 0.961550 0.967993 0.971759 0.970280 0.971917 0.977812 0.980970 0.981743 0.981120 0.980303
0.881969 0.882070 0.882070 0.882070 0.882070 0.887432 0.903239 0.929340 0.937102 0.924896 0.921554 0.926442 0.917605 0.911736 0.902721 0.900384 0.910540 0.913874 0.909848 0.915726 0.929378 0.946661 0.951618 0.954166 0.957418 0.963642 0.964865 0.965831 0.966491 0.968783 0.966679 0.968138 0.975645 0.962243
0.842587 0.840636 0.840636 0.840636 0.843735 0.857746 0.886931 0.921596 0.925674 0.921240 0.925114 0.925223 0.921486 0.915327 0.909505 0.905132 0.915840 0.916031 0.913530 0.918929 0.931750 0.942568 0.943773 0.942013 0.945556 0.949096 0.950529 0.951044 0.951143 0.947185 0.945201 0.966089 0.969587 0.955466
0.842068 0.841342 0.841342 0.841342 0.828096 0.851857 0.879465 0.910007 0.912630 0.913901 0.918739 0.922039 0.921705 0.916687 0.910033 0.910858 0.918085 0.921918 0.914832 0.918700 0.924906 0.930040 0.931228 0.931232 0.931039 0.932401 0.929168 0.928227 0.927639 0.928274 0.916340 0.919442 0.926266 0.908908
0.858737 0.860002 0.860002 0.843743 0.809349 0.835517 0.871694 0.895788 0.906556 0.911289 0.916602 0.917850 0.918478 0.914974 0.912850 0.916818 0.922837 0.923210 0.917468 0.915242 0.914969 0.916492 0.921630 0.919396 0.916418 0.913720 0.913892 0.900875 0.899340 0.898498 0.873394 0.866717 0.858010 0.855246
0.826096 0.831246 0.831246 0.844353 0.805773 0.842992 0.874081 0.891885 0.904668 0.914444 0.919242 0.916449 0.912686 0.910064 0.911593 0.916453 0.915542 0.912671 0.907940 0.905202 0.903444 0.903099 0.902041 0.898101 0.905739 0.895656 0.899019 0.883624 0.866936 0.864254 0.846569 0.841253 0.804024 0.793823
0.727292 0.721602 0.747347 0.801656 0.815886 0.848132 0.875281 0.890564 0.903771 0.912383 0.916014 0.912020 0.907127 0.903552 0.902849 0.906092 0.902211 0.897353 0.897117 0.897013 0.897008 0.894239 0.878024 0.890061 0.888584 0.863030 0.860392 0.856303 0.837725 0.853713 0.854034 0.835556 0.761648 0.723487
0.698631 0.698859 0.710502 0.772498 0.806827 0.845666 0.872358 0.890150 0.902918 0.908638 0.910826 0.906892 0.902141 0.898325 0.895926 0.900909 0.890663 0.885575 0.886916 0.876945 0.874520 0.862043 0.862780 0.857984 0.872030 0.846307 0.850948 0.866822 0.848333 0.848594 0.829989 0.761045 0.685924 0.673633
0.693983 0.694986 0.700131 0.747483 0.795719 0.840592 0.875274 0.895985 0.904810 0.909190 0.908472 0.903272 0.896399 0.891415 0.891509 0.892842 0.880850 0.871672 0.871170 0.867811 0.855253 0.862073 0.855060 0.855895 0.855172 0.818379 0.801536 0.780534 0.770484 0.802196 0.765754 0.691567 0.612988 0.620741
0.679486 0.677890 0.692246 0.742870 0.799587 0.847340 0.882859 0.899801 0.907951 0.910112 0.908278 0.899971 0.891619 0.884875 0.878607 0.878780 0.864185 0.852935 0.853250 0.844425 0.834302 0.826570 0.826357 0.807643 0.809069 0.789082 0.749256 0.711224 0.670749 0.654392 0.654408 0.578195 0.563945 0.650703
0.691304 0.690701 0.700813 0.754542 0.815254 0.866886 0.897619 0.910353 0.916599 0.917891 0.912462 0.900816 0.889494 0.878399 0.867460 0.859642 0.848364 0.836994 0.830039 0.822374 0.803504 0.793820 0.771077 0.744841 0.735458 0.709663 0.682316 0.630183 0.589764 0.574606 0.551470 0.521524 0.503362 0.630203
0.714584 0.716377 0.727700 0.778053 0.840777 0.892978 0.919517 0.932796 0.936884 0.930918 0.918373 0.901887 0.888318 0.873356 0.858451 0.848322 0.836583 0.824838 0.815499 0.801028 0.780639 0.759948 0.729371 0.697933 0.677782 0.654665 0.617145 0.576715 0.540447 0.496157 0.494090 0.452747 0.479222 0.623810
0.714584 0.716377 0.727700 0.778053 0.840777 0.892978 0.919517 0.932796 0.936884 0.930918 0.918373 0.901887 0.888318 0.873356 0.858451 0.848322 0.836583 0.824838 0.815499 0.801028 0.780639 0.759948 0.729371 0.697933 0.677782 0.654665 0.617145 0.576715 0.540447 0.496157 0.494090 0.452747 0.479222 0.623810
